Run	Year	CategoryId	Category	Vol	Area
1	0	0	lTotal	0.000000	390542.750000
1	0	1	lAvailable	0.000000	93830.250000
1	0	2	lMHA	0.000000	107628.000000
1	0	3	lProtected	0.000000	46673.750000
1	0	4	lDist	0	0
1	0	5	lAdjGreenup	0.000000	58619.500000
1	0	6	lACReserve	0	0
1	0	7	lMosaicReserve	0	0
1	0	8	lStripCutReserve	0	0
1	5	0	lTotal	58137730.125130	390542.750000
1	5	1	lAvailable	22688775.742494	93830.250000
1	5	2	lMHA	25594732.777505	107628.000000
1	5	3	lProtected	6504460.824993	46673.750000
1	5	4	lDist	0	0
1	5	5	lAdjGreenup	795596.482500	58619.500000
1	5	6	lACReserve	0	0
1	5	7	lMosaicReserve	0	0
1	5	8	lStripCutReserve	0	0
1	10	0	lTotal	62773336.567837	390542.750000
1	10	1	lAvailable	23464494.172498	93830.250000
1	10	2	lMHA	26486117.732516	107628.000000
1	10	3	lProtected	7024593.214994	46673.750000
1	10	4	lDist	0	0
1	10	5	lAdjGreenup	795596.482500	58619.500000
1	10	6	lACReserve	0	0
1	10	7	lMosaicReserve	0	0
1	10	8	lStripCutReserve	0	0
1	15	0	lTotal	67475163.635060	390542.750000
1	15	1	lAvailable	24272013.150003	93830.250000
1	15	2	lMHA	27409145.360019	107628.000000
1	15	3	lProtected	7539724.420000	46673.750000
1	15	4	lDist	0	0
1	15	5	lAdjGreenup	789715.630000	58619.500000
1	15	6	lACReserve	0	0
1	15	7	lMosaicReserve	0	0
1	15	8	lStripCutReserve	0	0
1	20	0	lTotal	72100410.792466	390542.750000
1	20	1	lAvailable	25036135.982515	93830.250000
1	20	2	lMHA	28288934.717531	107628.000000
1	20	3	lProtected	8048101.357498	46673.750000
1	20	4	lDist	0	0
1	20	5	lAdjGreenup	788716.760000	58619.500000
1	20	6	lACReserve	0	0
1	20	7	lMosaicReserve	0	0
1	20	8	lStripCutReserve	0	0
1	25	0	lTotal	76993431.644947	390542.750000
1	25	1	lAvailable	25936616.022522	93830.250000
1	25	2	lMHA	29302264.367518	107628.000000
1	25	3	lProtected	8555360.862501	46673.750000
1	25	4	lDist	0	0
1	25	5	lAdjGreenup	778105.480000	58619.500000
1	25	6	lACReserve	0	0
1	25	7	lMosaicReserve	0	0
1	25	8	lStripCutReserve	0	0
1	30	0	lTotal	81833656.880088	390542.750000
1	30	1	lAvailable	26828463.167472	93830.250000
1	30	2	lMHA	30305573.497463	107628.000000
1	30	3	lProtected	9055671.077497	46673.750000
1	30	4	lDist	0	0
1	30	5	lAdjGreenup	778105.480000	58619.500000
1	30	6	lACReserve	0	0
1	30	7	lMosaicReserve	0	0
1	30	8	lStripCutReserve	0	0
1	35	0	lTotal	86688884.070037	390542.750000
1	35	1	lAvailable	27720515.709986	93830.250000
1	35	2	lMHA	31313292.564964	107628.000000
1	35	3	lProtected	9575803.467494	46673.750000
1	35	4	lDist	0	0
1	35	5	lAdjGreenup	778105.480000	58619.500000
1	35	6	lACReserve	0	0
1	35	7	lMosaicReserve	0	0
1	35	8	lStripCutReserve	0	0
1	40	0	lTotal	91326006.147054	390542.750000
1	40	1	lAvailable	28559426.637517	93830.250000
1	40	2	lMHA	32261791.935020	107628.000000
1	40	3	lProtected	10080401.964999	46673.750000
1	40	4	lDist	0	0
1	40	5	lAdjGreenup	778105.480000	58619.500000
1	40	6	lACReserve	0	0
1	40	7	lMosaicReserve	0	0
1	40	8	lStripCutReserve	0	0
1	45	0	lTotal	95814462.659809	390542.750000
1	45	1	lAvailable	29306141.492527	93830.250000
1	45	2	lMHA	33116234.477511	107628.000000
1	45	3	lProtected	10581861.742496	46673.750000
1	45	4	lDist	0	0
1	45	5	lAdjGreenup	768922.792500	58619.500000
1	45	6	lACReserve	0	0
1	45	7	lMosaicReserve	0	0
1	45	8	lStripCutReserve	0	0
1	50	0	lTotal	100459126.577376	390542.750000
1	50	1	lAvailable	30214904.285011	93830.250000
1	50	2	lMHA	34140663.794996	107628.000000
1	50	3	lProtected	11095096.312498	46673.750000
1	50	4	lDist	0	0
1	50	5	lAdjGreenup	768922.792500	58619.500000
1	50	6	lACReserve	0	0
1	50	7	lMosaicReserve	0	0
1	50	8	lStripCutReserve	0	0
1	55	0	lTotal	104976895.940009	390542.750000
1	55	1	lAvailable	31121345.397490	93830.250000
1	55	2	lMHA	35162771.432464	107628.000000
1	55	3	lProtected	11603880.717497	46673.750000
1	55	4	lDist	0	0
1	55	5	lAdjGreenup	768922.792500	58619.500000
1	55	6	lACReserve	0	0
1	55	7	lMosaicReserve	0	0
1	55	8	lStripCutReserve	0	0
1	60	0	lTotal	108890164.030112	390542.750000
1	60	1	lAvailable	31820165.639987	93830.250000
1	60	2	lMHA	35977258.199980	107628.000000
1	60	3	lProtected	12111825.157495	46673.750000
1	60	4	lDist	0	0
1	60	5	lAdjGreenup	754199.190000	58619.500000
1	60	6	lACReserve	0	0
1	60	7	lMosaicReserve	0	0
1	60	8	lStripCutReserve	0	0
1	65	0	lTotal	110777989.273388	390542.750000
1	65	1	lAvailable	31826210.747485	93830.250000
1	65	2	lMHA	36043525.827505	107628.000000
1	65	3	lProtected	12368157.532490	46673.750000
1	65	4	lDist	0	0
1	65	5	lAdjGreenup	668082.077500	58619.500000
1	65	6	lACReserve	0	0
1	65	7	lMosaicReserve	0	0
1	65	8	lStripCutReserve	0	0
1	70	0	lTotal	115025564.064911	390542.750000
1	70	1	lAvailable	32684188.435007	93830.250000
1	70	2	lMHA	37017170.040003	107628.000000
1	70	3	lProtected	12873818.654995	46673.750000
1	70	4	lDist	0	0
1	70	5	lAdjGreenup	667914.372500	58619.500000
1	70	6	lACReserve	0	0
1	70	7	lMosaicReserve	0	0
1	70	8	lStripCutReserve	0	0
1	75	0	lTotal	119097128.382511	390542.750000
1	75	1	lAvailable	33523294.919958	93830.250000
1	75	2	lMHA	37935322.032457	107628.000000
1	75	3	lProtected	13264321.464985	46673.750000
1	75	4	lDist	0	0
1	75	5	lAdjGreenup	662141.445000	58619.500000
1	75	6	lACReserve	0	0
1	75	7	lMosaicReserve	0	0
1	75	8	lStripCutReserve	0	0
1	80	0	lTotal	122768137.897602	390542.750000
1	80	1	lAvailable	34201614.727472	93830.250000
1	80	2	lMHA	38723133.254959	107628.000000
1	80	3	lProtected	13732947.759997	46673.750000
1	80	4	lDist	0	0
1	80	5	lAdjGreenup	660849.095000	58619.500000
1	80	6	lACReserve	0	0
1	80	7	lMosaicReserve	0	0
1	80	8	lStripCutReserve	0	0
1	85	0	lTotal	126551313.372655	390542.750000
1	85	1	lAvailable	35055385.107465	93830.250000
1	85	2	lMHA	39692570.159972	107628.000000
1	85	3	lProtected	14226475.877497	46673.750000
1	85	4	lDist	0	0
1	85	5	lAdjGreenup	649210.517500	58619.500000
1	85	6	lACReserve	0	0
1	85	7	lMosaicReserve	0	0
1	85	8	lStripCutReserve	0	0
1	90	0	lTotal	130393173.244606	390542.750000
1	90	1	lAvailable	35864174.662495	93830.250000
1	90	2	lMHA	40611076.130010	107628.000000
1	90	3	lProtected	14700177.672488	46673.750000
1	90	4	lDist	0	0
1	90	5	lAdjGreenup	649210.517500	58619.500000
1	90	6	lACReserve	0	0
1	90	7	lMosaicReserve	0	0
1	90	8	lStripCutReserve	0	0
1	95	0	lTotal	134076326.945149	390542.750000
1	95	1	lAvailable	36665871.872479	93830.250000
1	95	2	lMHA	41527697.209970	107628.000000
1	95	3	lProtected	15160312.614992	46673.750000
1	95	4	lDist	0	0
1	95	5	lAdjGreenup	649210.517500	58619.500000
1	95	6	lACReserve	0	0
1	95	7	lMosaicReserve	0	0
1	95	8	lStripCutReserve	0	0
1	100	0	lTotal	137427547.447689	390542.750000
1	100	1	lAvailable	37526056.024950	93830.250000
1	100	2	lMHA	42472307.537436	107628.000000
1	100	3	lProtected	15444577.889988	46673.750000
1	100	4	lDist	0	0
1	100	5	lAdjGreenup	649210.517500	58619.500000
1	100	6	lACReserve	0	0
1	100	7	lMosaicReserve	0	0
1	100	8	lStripCutReserve	0	0
1	105	0	lTotal	140027992.753016	390542.750000
1	105	1	lAvailable	38182402.107503	93830.250000
1	105	2	lMHA	43205887.829988	107628.000000
1	105	3	lProtected	15757741.939983	46673.750000
1	105	4	lDist	0	0
1	105	5	lAdjGreenup	649101.662500	58619.500000
1	105	6	lACReserve	0	0
1	105	7	lMosaicReserve	0	0
1	105	8	lStripCutReserve	0	0
1	110	0	lTotal	142928740.699647	390542.750000
1	110	1	lAvailable	38888694.510009	93830.250000
1	110	2	lMHA	44023888.715013	107628.000000
1	110	3	lProtected	16121150.692495	46673.750000
1	110	4	lDist	0	0
1	110	5	lAdjGreenup	649101.662500	58619.500000
1	110	6	lACReserve	0	0
1	110	7	lMosaicReserve	0	0
1	110	8	lStripCutReserve	0	0
1	115	0	lTotal	146169957.209733	390542.750000
1	115	1	lAvailable	39728617.945030	93830.250000
1	115	2	lMHA	44974323.392530	107628.000000
1	115	3	lProtected	16540518.304999	46673.750000
1	115	4	lDist	0	0
1	115	5	lAdjGreenup	649101.662500	58619.500000
1	115	6	lACReserve	0	0
1	115	7	lMosaicReserve	0	0
1	115	8	lStripCutReserve	0	0
1	120	0	lTotal	149343808.369501	390542.750000
1	120	1	lAvailable	40557849.710008	93830.250000
1	120	2	lMHA	45913139.727547	107628.000000
1	120	3	lProtected	16957117.460001	46673.750000
1	120	4	lDist	0	0
1	120	5	lAdjGreenup	649101.662500	58619.500000
1	120	6	lACReserve	0	0
1	120	7	lMosaicReserve	0	0
1	120	8	lStripCutReserve	0	0
1	125	0	lTotal	152178193.702520	390542.750000
1	125	1	lAvailable	41265029.162492	93830.250000
1	125	2	lMHA	46728643.932486	107628.000000
1	125	3	lProtected	17349617.319998	46673.750000
1	125	4	lDist	0	0
1	125	5	lAdjGreenup	649101.662500	58619.500000
1	125	6	lACReserve	0	0
1	125	7	lMosaicReserve	0	0
1	125	8	lStripCutReserve	0	0
1	130	0	lTotal	154987968.169681	390542.750000
1	130	1	lAvailable	41955734.215043	93830.250000
1	130	2	lMHA	47525490.337547	107628.000000
1	130	3	lProtected	17750656.037498	46673.750000
1	130	4	lDist	0	0
1	130	5	lAdjGreenup	648294.220000	58619.500000
1	130	6	lACReserve	0	0
1	130	7	lMosaicReserve	0	0
1	130	8	lStripCutReserve	0	0
1	135	0	lTotal	157866169.262456	390542.750000
1	135	1	lAvailable	42689903.357538	93830.250000
1	135	2	lMHA	48364121.762536	107628.000000
1	135	3	lProtected	18131585.629998	46673.750000
1	135	4	lDist	0	0
1	135	5	lAdjGreenup	648294.220000	58619.500000
1	135	6	lACReserve	0	0
1	135	7	lMosaicReserve	0	0
1	135	8	lStripCutReserve	0	0
1	140	0	lTotal	159625507.474640	390542.750000
1	140	1	lAvailable	43101420.785042	93830.250000
1	140	2	lMHA	48786841.190080	107628.000000
1	140	3	lProtected	18352195.897506	46673.750000
1	140	4	lDist	0	0
1	140	5	lAdjGreenup	642037.950000	58619.500000
1	140	6	lACReserve	0	0
1	140	7	lMosaicReserve	0	0
1	140	8	lStripCutReserve	0	0
1	145	0	lTotal	161803657.390016	390542.750000
1	145	1	lAvailable	43793086.770048	93830.250000
1	145	2	lMHA	49519295.002536	107628.000000
1	145	3	lProtected	18549412.702497	46673.750000
1	145	4	lDist	0	0
1	145	5	lAdjGreenup	631140.587500	58619.500000
1	145	6	lACReserve	0	0
1	145	7	lMosaicReserve	0	0
1	145	8	lStripCutReserve	0	0
1	150	0	lTotal	164072120.847380	390542.750000
1	150	1	lAvailable	44490706.990032	93830.250000
1	150	2	lMHA	50321432.675038	107628.000000
1	150	3	lProtected	18880889.357495	46673.750000
1	150	4	lDist	0	0
1	150	5	lAdjGreenup	631140.587500	58619.500000
1	150	6	lACReserve	0	0
1	150	7	lMosaicReserve	0	0
1	150	8	lStripCutReserve	0	0
1	155	0	lTotal	166357909.675028	390542.750000
1	155	1	lAvailable	45171643.327468	93830.250000
1	155	2	lMHA	51106578.367456	107628.000000
1	155	3	lProtected	19204212.184999	46673.750000
1	155	4	lDist	0	0
1	155	5	lAdjGreenup	631140.587500	58619.500000
1	155	6	lACReserve	0	0
1	155	7	lMosaicReserve	0	0
1	155	8	lStripCutReserve	0	0
1	160	0	lTotal	168262139.352200	390542.750000
1	160	1	lAvailable	45608119.049978	93830.250000
1	160	2	lMHA	51643118.357496	107628.000000
1	160	3	lProtected	19514832.787494	46673.750000
1	160	4	lDist	0	0
1	160	5	lAdjGreenup	625883.325000	58619.500000
1	160	6	lACReserve	0	0
1	160	7	lMosaicReserve	0	0
1	160	8	lStripCutReserve	0	0
1	165	0	lTotal	170277368.772672	390542.750000
1	165	1	lAvailable	46297773.247489	93830.250000
1	165	2	lMHA	52428919.312489	107628.000000
1	165	3	lProtected	19810657.842496	46673.750000
1	165	4	lDist	0	0
1	165	5	lAdjGreenup	625883.325000	58619.500000
1	165	6	lACReserve	0	0
1	165	7	lMosaicReserve	0	0
1	165	8	lStripCutReserve	0	0
1	170	0	lTotal	171799938.067608	390542.750000
1	170	1	lAvailable	46840245.584968	93830.250000
1	170	2	lMHA	53051511.777453	107628.000000
1	170	3	lProtected	20006377.122493	46673.750000
1	170	4	lDist	0	0
1	170	5	lAdjGreenup	622365.262500	58619.500000
1	170	6	lACReserve	0	0
1	170	7	lMosaicReserve	0	0
1	170	8	lStripCutReserve	0	0
1	175	0	lTotal	172720466.954885	390542.750000
1	175	1	lAvailable	47221478.099991	93830.250000
1	175	2	lMHA	53375427.127485	107628.000000
1	175	3	lProtected	19704674.000004	46673.750000
1	175	4	lDist	0	0
1	175	5	lAdjGreenup	622365.262500	58619.500000
1	175	6	lACReserve	0	0
1	175	7	lMosaicReserve	0	0
1	175	8	lStripCutReserve	0	0
1	180	0	lTotal	174823844.457218	390542.750000
1	180	1	lAvailable	47893566.879978	93830.250000
1	180	2	lMHA	54142593.014986	107628.000000
1	180	3	lProtected	20004629.425001	46673.750000
1	180	4	lDist	0	0
1	180	5	lAdjGreenup	622365.262500	58619.500000
1	180	6	lACReserve	0	0
1	180	7	lMosaicReserve	0	0
1	180	8	lStripCutReserve	0	0
1	185	0	lTotal	176324446.257716	390542.750000
1	185	1	lAvailable	48242150.039994	93830.250000
1	185	2	lMHA	54428234.267483	107628.000000
1	185	3	lProtected	20122584.409993	46673.750000
1	185	4	lDist	0	0
1	185	5	lAdjGreenup	622329.742500	58619.500000
1	185	6	lACReserve	0	0
1	185	7	lMosaicReserve	0	0
1	185	8	lStripCutReserve	0	0
1	190	0	lTotal	177128835.912817	390542.750000
1	190	1	lAvailable	48629071.070001	93830.250000
1	190	2	lMHA	54866306.952498	107628.000000
1	190	3	lProtected	20275161.024991	46673.750000
1	190	4	lDist	0	0
1	190	5	lAdjGreenup	622329.742500	58619.500000
1	190	6	lACReserve	0	0
1	190	7	lMosaicReserve	0	0
1	190	8	lStripCutReserve	0	0
1	195	0	lTotal	178807506.380189	390542.750000
1	195	1	lAvailable	49125050.689993	93830.250000
1	195	2	lMHA	55453957.622485	107628.000000
1	195	3	lProtected	20572624.224994	46673.750000
1	195	4	lDist	0	0
1	195	5	lAdjGreenup	622329.742500	58619.500000
1	195	6	lACReserve	0	0
1	195	7	lMosaicReserve	0	0
1	195	8	lStripCutReserve	0	0
1	200	0	lTotal	180586273.507295	390542.750000
1	200	1	lAvailable	49699662.672491	93830.250000
1	200	2	lMHA	56117014.390007	107628.000000
1	200	3	lProtected	20794745.152496	46673.750000
1	200	4	lDist	0	0
1	200	5	lAdjGreenup	622329.742500	58619.500000
1	200	6	lACReserve	0	0
1	200	7	lMosaicReserve	0	0
1	200	8	lStripCutReserve	0	0
1	205	0	lTotal	182089882.747835	390542.750000
1	205	1	lAvailable	50148584.767462	93830.250000
1	205	2	lMHA	56645580.684963	107628.000000
1	205	3	lProtected	21021212.719995	46673.750000
1	205	4	lDist	0	0
1	205	5	lAdjGreenup	622329.742500	58619.500000
1	205	6	lACReserve	0	0
1	205	7	lMosaicReserve	0	0
1	205	8	lStripCutReserve	0	0
1	210	0	lTotal	181205542.305084	390542.750000
1	210	1	lAvailable	49885021.352481	93830.250000
1	210	2	lMHA	56254297.139998	107628.000000
1	210	3	lProtected	20841671.132494	46673.750000
1	210	4	lDist	0	0
1	210	5	lAdjGreenup	608713.880000	58619.500000
1	210	6	lACReserve	0	0
1	210	7	lMosaicReserve	0	0
1	210	8	lStripCutReserve	0	0
1	215	0	lTotal	182209142.919900	390542.750000
1	215	1	lAvailable	50264614.170008	93830.250000
1	215	2	lMHA	56713250.004997	107628.000000
1	215	3	lProtected	21041758.272501	46673.750000
1	215	4	lDist	0	0
1	215	5	lAdjGreenup	608713.880000	58619.500000
1	215	6	lACReserve	0	0
1	215	7	lMosaicReserve	0	0
1	215	8	lStripCutReserve	0	0
1	220	0	lTotal	183411414.224858	390542.750000
1	220	1	lAvailable	50708744.234974	93830.250000
1	220	2	lMHA	57184148.939964	107628.000000
1	220	3	lProtected	21162106.932499	46673.750000
1	220	4	lDist	0	0
1	220	5	lAdjGreenup	608713.880000	58619.500000
1	220	6	lACReserve	0	0
1	220	7	lMosaicReserve	0	0
1	220	8	lStripCutReserve	0	0
1	225	0	lTotal	184756775.469814	390542.750000
1	225	1	lAvailable	51190570.234996	93830.250000
1	225	2	lMHA	57752927.112498	107628.000000
1	225	3	lProtected	21413114.704995	46673.750000
1	225	4	lDist	0	0
1	225	5	lAdjGreenup	608713.880000	58619.500000
1	225	6	lACReserve	0	0
1	225	7	lMosaicReserve	0	0
1	225	8	lStripCutReserve	0	0
1	230	0	lTotal	186294498.257650	390542.750000
1	230	1	lAvailable	51701460.757465	93830.250000
1	230	2	lMHA	58347882.214950	107628.000000
1	230	3	lProtected	21640775.999993	46673.750000
1	230	4	lDist	0	0
1	230	5	lAdjGreenup	608713.880000	58619.500000
1	230	6	lACReserve	0	0
1	230	7	lMosaicReserve	0	0
1	230	8	lStripCutReserve	0	0
1	235	0	lTotal	187438924.977146	390542.750000
1	235	1	lAvailable	52123642.822518	93830.250000
1	235	2	lMHA	58849746.485027	107628.000000
1	235	3	lProtected	21870397.747505	46673.750000
1	235	4	lDist	0	0
1	235	5	lAdjGreenup	608713.880000	58619.500000
1	235	6	lACReserve	0	0
1	235	7	lMosaicReserve	0	0
1	235	8	lStripCutReserve	0	0
1	240	0	lTotal	188906098.030034	390542.750000
1	240	1	lAvailable	52587346.627513	93830.250000
1	240	2	lMHA	59390511.762485	107628.000000
1	240	3	lProtected	22099450.827498	46673.750000
1	240	4	lDist	0	0
1	240	5	lAdjGreenup	608713.880000	58619.500000
1	240	6	lACReserve	0	0
1	240	7	lMosaicReserve	0	0
1	240	8	lStripCutReserve	0	0
1	245	0	lTotal	189251906.299944	390542.750000
1	245	1	lAvailable	52935824.305040	93830.250000
1	245	2	lMHA	59735306.505051	107628.000000
1	245	3	lProtected	22065626.087493	46673.750000
1	245	4	lDist	0	0
1	245	5	lAdjGreenup	608713.880000	58619.500000
1	245	6	lACReserve	0	0
1	245	7	lMosaicReserve	0	0
1	245	8	lStripCutReserve	0	0
1	250	0	lTotal	188825298.164914	390542.750000
1	250	1	lAvailable	52958454.557470	93830.250000
1	250	2	lMHA	59776370.064966	107628.000000
1	250	3	lProtected	22093774.362495	46673.750000
1	250	4	lDist	0	0
1	250	5	lAdjGreenup	608713.880000	58619.500000
1	250	6	lACReserve	0	0
1	250	7	lMosaicReserve	0	0
1	250	8	lStripCutReserve	0	0
1	255	0	lTotal	190018524.694812	390542.750000
1	255	1	lAvailable	53335138.084991	93830.250000
1	255	2	lMHA	60213077.744983	107628.000000
1	255	3	lProtected	22263224.882500	46673.750000
1	255	4	lDist	0	0
1	255	5	lAdjGreenup	608713.880000	58619.500000
1	255	6	lACReserve	0	0
1	255	7	lMosaicReserve	0	0
1	255	8	lStripCutReserve	0	0
1	260	0	lTotal	189404713.477527	390542.750000
1	260	1	lAvailable	52931353.379984	93830.250000
1	260	2	lMHA	59731533.899994	107628.000000
1	260	3	lProtected	22283722.984995	46673.750000
1	260	4	lDist	0	0
1	260	5	lAdjGreenup	608713.880000	58619.500000
1	260	6	lACReserve	0	0
1	260	7	lMosaicReserve	0	0
1	260	8	lStripCutReserve	0	0
1	265	0	lTotal	188733293.997674	390542.750000
1	265	1	lAvailable	52927474.695010	93830.250000
1	265	2	lMHA	59769168.512499	107628.000000
1	265	3	lProtected	22331367.702498	46673.750000
1	265	4	lDist	0	0
1	265	5	lAdjGreenup	608213.482500	58619.500000
1	265	6	lACReserve	0	0
1	265	7	lMosaicReserve	0	0
1	265	8	lStripCutReserve	0	0
1	270	0	lTotal	189662169.279883	390542.750000
1	270	1	lAvailable	53255230.184975	93830.250000
1	270	2	lMHA	60157292.404961	107628.000000
1	270	3	lProtected	22532799.464996	46673.750000
1	270	4	lDist	0	0
1	270	5	lAdjGreenup	608213.482500	58619.500000
1	270	6	lACReserve	0	0
1	270	7	lMosaicReserve	0	0
1	270	8	lStripCutReserve	0	0
1	275	0	lTotal	189921741.522434	390542.750000
1	275	1	lAvailable	53085166.697500	93830.250000
1	275	2	lMHA	60038496.369987	107628.000000
1	275	3	lProtected	22721964.377498	46673.750000
1	275	4	lDist	0	0
1	275	5	lAdjGreenup	603496.667500	58619.500000
1	275	6	lACReserve	0	0
1	275	7	lMosaicReserve	0	0
1	275	8	lStripCutReserve	0	0
1	280	0	lTotal	190802334.932524	390542.750000
1	280	1	lAvailable	53321324.552510	93830.250000
1	280	2	lMHA	60333670.810007	107628.000000
1	280	3	lProtected	22912678.537494	46673.750000
1	280	4	lDist	0	0
1	280	5	lAdjGreenup	603496.667500	58619.500000
1	280	6	lACReserve	0	0
1	280	7	lMosaicReserve	0	0
1	280	8	lStripCutReserve	0	0
1	285	0	lTotal	191092324.770055	390542.750000
1	285	1	lAvailable	53357816.117510	93830.250000
1	285	2	lMHA	60378025.747522	107628.000000
1	285	3	lProtected	23046435.537496	46673.750000
1	285	4	lDist	0	0
1	285	5	lAdjGreenup	603496.667500	58619.500000
1	285	6	lACReserve	0	0
1	285	7	lMosaicReserve	0	0
1	285	8	lStripCutReserve	0	0
1	290	0	lTotal	191482667.377517	390542.750000
1	290	1	lAvailable	53311033.362504	93830.250000
1	290	2	lMHA	60371967.057483	107628.000000
1	290	3	lProtected	23167492.867495	46673.750000
1	290	4	lDist	0	0
1	290	5	lAdjGreenup	602728.407500	58619.500000
1	290	6	lACReserve	0	0
1	290	7	lMosaicReserve	0	0
1	290	8	lStripCutReserve	0	0
1	295	0	lTotal	192441589.460090	390542.750000
1	295	1	lAvailable	53570769.887495	93830.250000
1	295	2	lMHA	60690127.724982	107628.000000
1	295	3	lProtected	23336877.247496	46673.750000
1	295	4	lDist	0	0
1	295	5	lAdjGreenup	602363.047500	58619.500000
1	295	6	lACReserve	0	0
1	295	7	lMosaicReserve	0	0
1	295	8	lStripCutReserve	0	0
