Run	Year	Zone	class1	class2	class3	class4	class5	class6	class7	class8	class9	class10	class11	class12	class13	class14	class15	class16	VolHarvested	AreaHarvested	AreaAccessed	MeanVolPerHa	PercentOfTarget	MeanHarvestAge	KmPerM3Hauled	areaBurned
1	0	rSQ	46472.750000	68443.000000	62560.000000	68276.250000	42084.750000	0	9887.500000	0	0	0	0	0	0	0	0	0	0	0	0	0	0	0	0	0
1	0	rIM	6481.750000	7519.500000	11522.000000	15710.500000	4093.500000	0	769.250000	0	0	0	0	0	0	0	0	0	0	0	0	0	0	0	0	0
1	0	rPA	5616.750000	5589.500000	11606.250000	15167.250000	5608.250000	0	3085.750000	0	0	0	0	0	0	0	0	0	0	0	0	0	0	0	0	0
1	5	rSQ	46472.750000	68443.000000	62560.000000	68276.250000	42084.750000	0	9887.500000	0	0	0	0	0	0	0	0	0	0	0	0	0	0	0	0	109041.000000
1	5	rIM	6481.750000	7519.500000	11522.000000	15710.500000	4093.500000	0	769.250000	0	0	0	0	0	0	0	0	0	0	0	0	0	0	0	0	217.000000
1	5	rPA	5616.750000	5589.500000	11606.250000	15167.250000	5608.250000	0	3085.750000	0	0	0	0	0	0	0	0	0	0	0	0	0	0	0	0	16853.750000
1	10	rSQ	31385.250000	53297.250000	71521.000000	57902.750000	54185.500000	19545.000000	9887.500000	0	0	0	0	0	0	0	0	0	0	0	0	0	0	0	0	131904.750000
1	10	rIM	11.000000	7374.000000	12110.500000	6489.750000	15819.500000	3522.500000	769.250000	0	0	0	0	0	0	0	0	0	0	0	0	0	0	0	0	3195.750000
1	10	rPA	3889.000000	4146.500000	9947.500000	10974.500000	11572.500000	3058.000000	3085.750000	0	0	0	0	0	0	0	0	0	0	0	0	0	0	0	0	15967.000000
1	15	rSQ	19903.750000	46940.250000	66737.000000	62747.250000	60415.000000	31093.500000	9887.500000	0	0	0	0	0	0	0	0	0	0	0	0	0	0	0	0	90933.750000
1	15	rIM	2.500000	6583.000000	7778.000000	11190.250000	15699.000000	4074.500000	769.250000	0	0	0	0	0	0	0	0	0	0	0	0	0	0	0	0	230.500000
1	15	rPA	3007.500000	3929.750000	7797.250000	11727.500000	13159.000000	3967.000000	3085.750000	0	0	0	0	0	0	0	0	0	0	0	0	0	0	0	0	16006.000000
1	20	rSQ	11566.250000	43726.250000	67826.250000	65890.000000	62183.500000	36644.500000	5716.500000	4171.000000	0	0	0	0	0	0	0	0	0	0	0	0	0	0	0	103260.250000
1	20	rIM	0	6490.500000	7728.000000	11323.000000	15697.250000	4088.500000	228.250000	541.000000	0	0	0	0	0	0	0	0	0	0	0	0	0	0	0	18032.500000
1	20	rPA	2105.500000	4094.750000	7375.500000	11715.500000	13703.500000	4593.250000	1913.250000	1172.500000	0	0	0	0	0	0	0	0	0	0	0	0	0	0	0	19651.500000
1	25	rSQ	7006.500000	43497.750000	69148.000000	64829.000000	64510.500000	38845.000000	3594.750000	6292.750000	0	0	0	0	0	0	0	0	0	0	0	0	0	0	0	132461.000000
1	25	rIM	0	6481.750000	7621.750000	11432.250000	15700.000000	4091.500000	62.000000	707.250000	0	0	0	0	0	0	0	0	0	0	0	0	0	0	0	21266.750000
1	25	rPA	1329.500000	4539.000000	6623.500000	11874.250000	14154.750000	5067.000000	1164.500000	1921.250000	0	0	0	0	0	0	0	0	0	0	0	0	0	0	0	15763.000000
1	30	rSQ	4370.500000	41086.250000	63056.750000	65203.000000	61378.000000	47003.750000	8543.250000	7082.750000	0	0	0	0	0	0	0	0	0	0	0	0	0	0	0	154459.000000
1	30	rIM	0	3724.500000	8602.000000	11069.500000	13316.750000	7927.500000	714.500000	741.750000	0	0	0	0	0	0	0	0	0	0	0	0	0	0	0	16379.500000
1	30	rPA	751.250000	4587.750000	5625.000000	11007.750000	12808.750000	7692.000000	1952.000000	2249.250000	0	0	0	0	0	0	0	0	0	0	0	0	0	0	0	20358.750000
1	35	rSQ	1617.000000	37869.000000	57508.750000	62913.500000	64358.500000	50548.750000	14969.250000	7939.500000	0	0	0	0	0	0	0	0	0	0	0	0	0	0	0	102405.500000
1	35	rIM	0	2536.250000	7816.250000	9851.750000	13289.250000	10127.000000	1712.750000	763.250000	0	0	0	0	0	0	0	0	0	0	0	0	0	0	0	16793.000000
1	35	rPA	286.500000	4378.750000	4443.250000	9564.250000	13105.250000	9479.000000	2714.750000	2702.000000	0	0	0	0	0	0	0	0	0	0	0	0	0	0	0	7796.000000
1	40	rSQ	760.500000	31559.750000	50043.750000	64760.250000	65434.750000	54363.000000	21934.000000	7051.750000	1816.500000	0	0	0	0	0	0	0	0	0	0	0	0	0	0	54853.500000
1	40	rIM	0	1126.000000	7242.750000	8877.500000	11660.750000	13695.500000	2724.750000	368.250000	401.000000	0	0	0	0	0	0	0	0	0	0	0	0	0	0	5494.750000
1	40	rPA	165.000000	3885.000000	3621.500000	8795.500000	12378.000000	11591.250000	3422.250000	2114.750000	700.500000	0	0	0	0	0	0	0	0	0	0	0	0	0	0	11465.750000
1	45	rSQ	340.750000	23872.000000	48400.500000	64789.500000	67008.500000	56151.000000	27887.500000	5591.000000	3683.500000	0	0	0	0	0	0	0	0	0	0	0	0	0	0	89002.250000
1	45	rIM	0	188.250000	6956.750000	8189.250000	10879.000000	15506.250000	3607.750000	205.500000	563.750000	0	0	0	0	0	0	0	0	0	0	0	0	0	0	3368.500000
1	45	rPA	46.000000	2999.500000	3770.250000	7899.000000	12525.250000	12383.000000	4048.250000	1639.500000	1363.000000	0	0	0	0	0	0	0	0	0	0	0	0	0	0	8758.750000
1	50	rSQ	207.500000	18960.750000	44413.500000	62124.750000	67194.750000	54724.000000	36643.750000	8582.750000	4872.500000	0	0	0	0	0	0	0	0	0	0	0	0	0	0	138756.500000
1	50	rIM	0	77.500000	5081.500000	8356.000000	10720.750000	14319.250000	6359.750000	533.750000	648.000000	0	0	0	0	0	0	0	0	0	0	0	0	0	0	10976.750000
1	50	rPA	31.250000	2427.250000	3799.750000	6659.000000	11824.000000	11644.500000	6474.750000	2086.000000	1727.250000	0	0	0	0	0	0	0	0	0	0	0	0	0	0	17198.500000
1	55	rSQ	136.250000	15001.500000	40764.500000	58097.250000	65826.000000	57469.750000	42142.250000	12374.500000	5912.250000	0	0	0	0	0	0	0	0	0	0	0	0	0	0	116186.500000
1	55	rIM	0	3.000000	3406.750000	8104.000000	9727.250000	13846.000000	8989.750000	1290.000000	729.750000	0	0	0	0	0	0	0	0	0	0	0	0	0	0	2424.750000
1	55	rPA	20.000000	1869.000000	3693.500000	5415.500000	10832.750000	11898.000000	8110.250000	2726.000000	2108.750000	0	0	0	0	0	0	0	0	0	0	0	0	0	0	10445.750000
1	60	rSQ	88.500000	10927.750000	38676.500000	53611.250000	64450.500000	60225.250000	46067.750000	17001.750000	5181.750000	1493.250000	0	0	0	0	0	0	0	0	0	0	0	0	0	103977.750000
1	60	rIM	0	0	1720.000000	7702.250000	8961.500000	12024.500000	12610.000000	2323.500000	401.500000	353.250000	0	0	0	0	0	0	0	0	0	0	0	0	0	519.500000
1	60	rPA	11.750000	1437.500000	3430.750000	4491.250000	10191.250000	11790.250000	9622.000000	3236.000000	1874.250000	588.750000	0	0	0	0	0	0	0	0	0	0	0	0	0	10452.250000
1	65	rSQ	28.250000	7309.000000	36010.250000	49285.750000	63285.250000	64605.250000	49353.000000	20485.250000	4382.000000	2980.250000	0	0	0	0	0	0	0	0	0	0	0	0	0	79764.000000
1	65	rIM	0	0	524.000000	7178.250000	8281.500000	11072.750000	14969.500000	3303.750000	233.250000	533.500000	0	0	0	0	0	0	0	0	0	0	0	0	0	573.000000
1	65	rPA	0	793.500000	3275.000000	4015.250000	8858.000000	12275.250000	11080.750000	3644.250000	1623.500000	1108.250000	0	0	0	0	0	0	0	0	0	0	0	0	0	3884.000000
1	70	rSQ	3.000000	3653.500000	31321.500000	47784.500000	59091.000000	66550.500000	50437.500000	27632.500000	7130.750000	4119.500000	0	0	0	0	0	0	0	0	0	0	0	0	0	71124.750000
1	70	rIM	0	0	96.250000	5666.750000	8258.500000	11098.250000	14211.500000	5624.250000	529.500000	611.500000	0	0	0	0	0	0	0	0	0	0	0	0	0	4370.750000
1	70	rPA	0	314.750000	2959.000000	3807.250000	7346.000000	12223.250000	10645.250000	5915.500000	1964.500000	1498.250000	0	0	0	0	0	0	0	0	0	0	0	0	0	7155.750000
1	75	rSQ	1.500000	2252.000000	26420.500000	47818.000000	53489.000000	65821.750000	52983.250000	33845.750000	10346.000000	4746.500000	0	0	0	0	0	0	0	0	0	0	0	0	0	115896.500000
1	75	rIM	0	0	19.250000	3670.500000	8495.750000	10577.000000	12807.750000	8577.500000	1297.000000	651.750000	0	0	0	0	0	0	0	0	0	0	0	0	0	7201.750000
1	75	rPA	0	221.250000	2475.750000	3689.500000	6118.000000	11423.500000	11211.750000	7471.000000	2187.750000	1875.250000	0	0	0	0	0	0	0	0	0	0	0	0	0	12228.250000
1	80	rSQ	0	1263.000000	20266.250000	47603.000000	50112.750000	63389.250000	56390.000000	39738.000000	13444.500000	4549.500000	968.000000	0	0	0	0	0	0	0	0	0	0	0	0	83867.750000
1	80	rIM	0	0	13.500000	1913.250000	8028.000000	9215.250000	11795.250000	12119.000000	2294.000000	572.000000	146.250000	0	0	0	0	0	0	0	0	0	0	0	0	507.250000
1	80	rPA	0	119.250000	1911.000000	3520.750000	5013.250000	10727.250000	11626.000000	8929.500000	2558.000000	1844.500000	424.250000	0	0	0	0	0	0	0	0	0	0	0	0	6523.000000
1	85	rSQ	0	869.250000	16960.250000	44208.500000	49502.250000	62332.500000	58780.000000	43170.000000	15862.750000	4075.500000	1963.250000	0	0	0	0	0	0	0	0	0	0	0	0	122806.250000
1	85	rIM	0	0	10.750000	974.250000	7805.500000	8719.000000	11041.500000	13860.500000	2955.500000	403.500000	326.000000	0	0	0	0	0	0	0	0	0	0	0	0	15305.500000
1	85	rPA	0	101.250000	1633.000000	3307.750000	4485.250000	9997.000000	11884.500000	9904.250000	2934.500000	1612.500000	813.750000	0	0	0	0	0	0	0	0	0	0	0	0	18923.000000
1	90	rSQ	0	230.250000	10522.250000	39165.250000	48964.000000	59474.750000	61995.000000	46787.500000	21866.000000	6014.000000	2705.250000	0	0	0	0	0	0	0	0	0	0	0	0	22481.750000
1	90	rIM	0	0	2.000000	289.250000	6839.000000	8366.250000	10684.750000	14355.250000	4564.250000	478.500000	517.250000	0	0	0	0	0	0	0	0	0	0	0	0	3546.500000
1	90	rPA	0	20.500000	1093.000000	3026.250000	4038.750000	8287.500000	11897.250000	10130.000000	5084.250000	1928.750000	1167.500000	0	0	0	0	0	0	0	0	0	0	0	0	2946.000000
1	95	rSQ	0	123.250000	7103.250000	33521.750000	49276.250000	55294.000000	62397.500000	49686.000000	28428.000000	8316.000000	3578.250000	0	0	0	0	0	0	0	0	0	0	0	0	78291.750000
1	95	rIM	0	0	0	102.250000	5322.000000	8124.500000	10507.500000	14087.750000	6430.000000	919.250000	603.250000	0	0	0	0	0	0	0	0	0	0	0	0	15058.000000
1	95	rPA	0	1.500000	629.000000	2868.500000	3827.750000	6976.000000	11564.500000	10858.750000	6405.000000	2087.000000	1455.750000	0	0	0	0	0	0	0	0	0	0	0	0	10754.250000
1	100	rSQ	0	81.250000	5321.250000	29388.750000	48336.500000	50962.750000	62345.000000	52363.000000	33747.500000	10892.250000	3770.250000	515.750000	0	0	0	0	0	0	0	0	0	0	0	111673.000000
1	100	rIM	0	0	0	54.000000	3471.000000	7894.250000	9872.500000	13137.000000	9244.000000	1750.250000	614.250000	59.250000	0	0	0	0	0	0	0	0	0	0	0	3069.750000
1	100	rPA	0	0.500000	494.500000	2540.250000	3531.000000	5961.500000	10960.250000	11274.750000	7925.750000	2174.250000	1529.500000	281.500000	0	0	0	0	0	0	0	0	0	0	0	11091.750000
1	105	rSQ	0	50.750000	4012.250000	25607.250000	46737.750000	50089.000000	61458.500000	54453.250000	38049.250000	12391.000000	3566.500000	1308.750000	0	0	0	0	0	0	0	0	0	0	0	134844.500000
1	105	rIM	0	0	0	38.000000	2472.250000	7884.250000	9236.750000	12723.750000	10785.250000	2265.000000	476.750000	214.500000	0	0	0	0	0	0	0	0	0	0	0	21697.250000
1	105	rPA	0	0.250000	350.250000	2304.750000	3533.500000	5417.500000	10582.500000	11241.500000	8875.000000	2377.750000	1389.000000	601.750000	0	0	0	0	0	0	0	0	0	0	0	26569.750000
1	110	rSQ	0	27.500000	2872.750000	21653.000000	44428.000000	46765.500000	60799.250000	56915.000000	40258.250000	17023.250000	4789.500000	2192.250000	0	0	0	0	0	0	0	0	0	0	0	89933.750000
1	110	rIM	0	0	0	28.000000	1036.000000	7316.750000	8872.750000	11476.500000	12962.750000	3486.000000	513.750000	404.000000	0	0	0	0	0	0	0	0	0	0	0	532.500000
1	110	rPA	0	0	190.750000	2069.250000	3364.750000	4662.750000	9734.500000	11093.750000	9488.500000	3574.000000	1522.500000	973.000000	0	0	0	0	0	0	0	0	0	0	0	12657.000000
1	115	rSQ	0	12.000000	1799.250000	17823.250000	42476.250000	45600.250000	56800.500000	57801.250000	42456.500000	23164.500000	6937.750000	2852.750000	0	0	0	0	0	0	0	0	0	0	0	99047.500000
1	115	rIM	0	0	0	20.000000	377.500000	5950.250000	8420.750000	10885.250000	13863.000000	5265.500000	755.250000	559.000000	0	0	0	0	0	0	0	0	0	0	0	1385.500000
1	115	rPA	0	0	132.000000	1728.000000	3296.500000	4189.750000	8583.000000	10910.250000	9878.000000	5055.750000	1708.250000	1192.250000	0	0	0	0	0	0	0	0	0	0	0	14280.500000
1	120	rSQ	0	6.250000	1262.750000	14641.750000	39942.500000	44030.000000	53056.000000	58443.750000	44952.500000	28599.250000	9149.000000	3215.000000	425.500000	0	0	0	0	0	0	0	0	0	0	96852.250000
1	120	rIM	0	0	0	7.000000	143.000000	4294.750000	7983.500000	10043.250000	13670.000000	7911.500000	1400.750000	596.000000	46.750000	0	0	0	0	0	0	0	0	0	0	15.750000
1	120	rPA	0	0	73.000000	1372.000000	3066.250000	3730.750000	7457.250000	10745.500000	10225.750000	6535.000000	2052.250000	1188.750000	227.250000	0	0	0	0	0	0	0	0	0	0	7802.250000
1	125	rSQ	0	1.250000	518.500000	10115.000000	35201.750000	43235.750000	50749.000000	59782.750000	48400.000000	34096.750000	11182.500000	3228.000000	1213.000000	0	0	0	0	0	0	0	0	0	0	22808.750000
1	125	rIM	0	0	0	1.000000	87.000000	2463.250000	7876.250000	9293.750000	12674.250000	10748.500000	2267.500000	492.000000	193.000000	0	0	0	0	0	0	0	0	0	0	403.000000
1	125	rPA	0	0	49.750000	1136.750000	2725.000000	3426.000000	6385.500000	10343.250000	10454.750000	8183.750000	2328.250000	1053.750000	587.000000	0	0	0	0	0	0	0	0	0	0	7406.250000
1	130	rSQ	0	0	304.500000	7376.000000	31052.750000	43319.750000	47336.750000	59148.250000	51339.000000	35872.750000	15606.250000	4390.500000	1977.750000	0	0	0	0	0	0	0	0	0	0	85921.000000
1	130	rIM	0	0	0	0.750000	73.500000	1036.000000	7330.250000	8905.750000	11440.000000	13029.750000	3364.000000	512.500000	404.000000	0	0	0	0	0	0	0	0	0	0	421.250000
1	130	rPA	0	0	28.000000	895.000000	2376.500000	3229.250000	5700.500000	9865.500000	10369.000000	8571.500000	3496.750000	1218.250000	923.500000	0	0	0	0	0	0	0	0	0	0	11316.750000
1	135	rSQ	0	0	197.750000	5633.750000	27738.500000	42104.750000	45513.250000	56500.750000	53487.250000	38277.500000	19728.500000	5969.250000	2573.000000	0	0	0	0	0	0	0	0	0	0	121471.500000
1	135	rIM	0	0	0	0.750000	57.750000	507.000000	6174.500000	8543.000000	10768.500000	13806.500000	5022.250000	671.250000	545.000000	0	0	0	0	0	0	0	0	0	0	7867.500000
1	135	rPA	0	0	6.000000	592.750000	2310.500000	3067.750000	5020.500000	8920.000000	10587.250000	9088.500000	4582.500000	1401.000000	1097.000000	0	0	0	0	0	0	0	0	0	0	14826.750000
1	140	rSQ	0	0	52.000000	2980.250000	20977.000000	41417.500000	43223.000000	53987.500000	55792.000000	42283.750000	25543.000000	8243.500000	2828.500000	396.250000	0	0	0	0	0	0	0	0	0	0
1	140	rIM	0	0	0	0.250000	28.500000	243.500000	4481.000000	8202.750000	9947.750000	13561.000000	7747.500000	1262.750000	574.750000	46.750000	0	0	0	0	0	0	0	0	0	0
1	140	rPA	0	0	1.000000	287.000000	1925.500000	2991.500000	4229.000000	7810.750000	10540.500000	9831.500000	5942.250000	1838.250000	1050.500000	226.000000	0	0	0	0	0	0	0	0	0	0
1	145	rSQ	0	0	35.250000	2114.750000	16465.500000	40288.250000	42249.750000	52032.750000	57238.500000	44463.500000	29499.750000	9623.000000	2738.000000	975.250000	0	0	0	0	0	0	0	0	0	110020.500000
1	145	rIM	0	0	0	0.250000	21.000000	159.500000	2838.500000	8407.250000	9301.500000	12174.750000	10546.250000	2008.250000	508.250000	131.000000	0	0	0	0	0	0	0	0	0	9402.250000
1	145	rPA	0	0	0.250000	117.000000	1518.750000	2935.500000	3687.500000	7103.750000	10270.500000	10224.000000	7190.500000	2183.000000	897.000000	546.000000	0	0	0	0	0	0	0	0	0	6637.500000
1	150	rSQ	0	0	20.750000	1393.250000	12209.250000	36329.500000	41673.000000	49489.250000	57966.500000	47998.500000	32735.250000	12729.750000	3502.500000	1676.750000	0	0	0	0	0	0	0	0	0	49850.750000
1	150	rIM	0	0	0	0.250000	15.500000	124.000000	2002.500000	7912.000000	8964.250000	11936.250000	11782.000000	2604.000000	438.500000	317.250000	0	0	0	0	0	0	0	0	0	18683.250000
1	150	rPA	0	0	0	35.000000	1043.750000	2769.000000	3335.000000	6245.750000	10086.500000	10276.250000	8134.250000	2938.000000	976.500000	833.750000	0	0	0	0	0	0	0	0	0	5494.250000
1	155	rSQ	0	0	11.000000	972.250000	9956.250000	33173.250000	41796.250000	47768.000000	56239.500000	50046.250000	34389.000000	16280.500000	4782.250000	2309.750000	0	0	0	0	0	0	0	0	0	136009.750000
1	155	rIM	0	0	0	0.250000	12.000000	104.250000	1316.750000	7309.500000	8909.000000	11734.000000	12164.250000	3594.500000	504.000000	448.000000	0	0	0	0	0	0	0	0	0	21179.250000
1	155	rPA	0	0	0	16.750000	784.750000	2470.500000	3243.000000	5573.250000	9418.000000	10234.500000	8609.500000	4055.000000	1249.750000	1018.750000	0	0	0	0	0	0	0	0	0	14480.500000
1	160	rSQ	0	0	1.750000	411.250000	6399.250000	27598.000000	41651.250000	44746.500000	54853.000000	53092.000000	38227.750000	21210.000000	6643.750000	2557.250000	332.500000	0	0	0	0	0	0	0	0	8028.750000
1	160	rIM	0	0	0	0	5.500000	67.250000	564.750000	5927.250000	8597.750000	10805.500000	13110.000000	5655.250000	798.500000	535.000000	29.750000	0	0	0	0	0	0	0	0	0
1	160	rPA	0	0	0	3.500000	412.250000	2175.250000	3050.250000	4786.500000	8383.750000	10169.750000	9446.250000	5312.500000	1725.000000	994.000000	214.750000	0	0	0	0	0	0	0	0	653.750000
1	165	rSQ	0	0	1.500000	313.000000	5235.000000	24458.000000	40484.000000	43074.750000	54047.250000	53512.250000	40224.500000	25094.000000	7999.250000	2434.000000	846.750000	0	0	0	0	0	0	0	0	135996.000000
1	165	rIM	0	0	0	0	2.250000	57.000000	375.250000	4860.500000	8580.000000	9801.500000	13598.750000	7152.750000	1076.750000	471.250000	120.500000	0	0	0	0	0	0	0	0	20129.000000
1	165	rPA	0	0	0	2.500000	296.000000	1950.500000	2996.750000	4319.750000	7807.250000	10100.000000	9982.500000	5910.000000	1983.000000	821.500000	504.000000	0	0	0	0	0	0	0	0	19648.000000
1	170	rSQ	0	0	0	114.250000	2975.750000	18375.750000	38859.750000	41417.500000	51861.500000	55376.500000	43924.750000	29208.500000	10961.000000	3145.250000	1503.750000	0	0	0	0	0	0	0	0	0
1	170	rIM	0	0	0	0	0.500000	31.250000	208.250000	3252.750000	8264.000000	9253.000000	13282.750000	9295.250000	1799.750000	415.250000	293.750000	0	0	0	0	0	0	0	0	0
1	170	rPA	0	0	0	0.250000	135.500000	1489.000000	2860.000000	3698.500000	6886.250000	10022.500000	10244.500000	6982.500000	2718.250000	866.500000	770.000000	0	0	0	0	0	0	0	0	0
1	175	rSQ	0	0	0	77.500000	2380.500000	15926.000000	36875.250000	39912.250000	49075.000000	55755.250000	45769.750000	31754.250000	14016.000000	4288.500000	1894.000000	0	0	0	0	0	0	0	0	127728.250000
1	175	rIM	0	0	0	0	0.500000	25.750000	180.500000	2309.000000	7933.750000	9080.250000	12735.250000	10282.750000	2718.250000	421.000000	409.500000	0	0	0	0	0	0	0	0	19940.000000
1	175	rPA	0	0	0	0	102.500000	1308.250000	2713.000000	3455.000000	6028.500000	9541.000000	9985.000000	7720.750000	3813.250000	1132.250000	874.250000	0	0	0	0	0	0	0	0	16506.750000
1	180	rSQ	0	0	0	20.000000	1218.500000	11176.250000	33582.250000	39724.750000	46280.250000	55017.500000	49059.250000	34995.500000	18451.250000	5638.500000	2351.500000	208.750000	0	0	0	0	0	0	0	21914.250000
1	180	rIM	0	0	0	0	0.250000	13.000000	130.750000	1716.500000	6893.000000	9254.750000	11957.750000	10841.500000	4269.500000	504.250000	496.750000	18.500000	0	0	0	0	0	0	0	17276.250000
1	180	rPA	0	0	0	0	31.250000	877.000000	2476.500000	3203.500000	5269.000000	8781.250000	9888.250000	8678.250000	4896.250000	1491.500000	920.250000	160.750000	0	0	0	0	0	0	0	2203.750000
