Run	Year	LandUnit	pBb	pC	pE	pMe	pPe	pPg	pS	pUnk	Bb	C	E	Me	Pe	Pg	S	Unk
1	0	2	0	0	0	0	0	0	1	0	0	0	0	0	0	0	60.750000	0
1	0	3	0.061188	0	0.737871	0.018103	0.016293	0.133478	0.033068	0	126.750000	0	1528.500000	37.500000	33.750000	276.500000	68.500000	0
1	0	4	0.196942	0.000952	0.565837	0.013677	0.018334	0.151480	0.052777	0	8891.500000	43.000000	25546.250000	617.500000	827.750000	6839.000000	2382.750000	0
1	0	5	0.421393	0.000082	0.233363	0.000033	0.076149	0.212104	0.056876	0	96027.000000	18.750000	53178.750000	7.500000	17352.750000	48334.250000	12961.000000	0
1	0	6	0.325489	0	0.227163	0	0.084964	0.303337	0.059047	0	36031.750000	0	25147.000000	0	9405.500000	33579.500000	6536.500000	0
1	0	7	0.259643	0	0.310136	0	0.044721	0.310784	0.074715	0	1203.250000	0	1437.250000	0	207.250000	1440.250000	346.250000	0
1	5	2	0	0	0	0	0	0	1	0	0	0	0	0	0	0	60.750000	0
1	5	3	0.061188	0	0.737871	0.018103	0.016293	0.133478	0.033068	0	126.750000	0	1528.500000	37.500000	33.750000	276.500000	68.500000	0
1	5	4	0.196942	0.000952	0.565837	0.013677	0.018334	0.151480	0.052777	0	8891.500000	43.000000	25546.250000	617.500000	827.750000	6839.000000	2382.750000	0
1	5	5	0.421393	0.000082	0.233363	0.000033	0.076149	0.212104	0.056876	0	96027.000000	18.750000	53178.750000	7.500000	17352.750000	48334.250000	12961.000000	0
1	5	6	0.325489	0	0.227163	0	0.084964	0.303337	0.059047	0	36031.750000	0	25147.000000	0	9405.500000	33579.500000	6536.500000	0
1	5	7	0.259643	0	0.310136	0	0.044721	0.310784	0.074715	0	1203.250000	0	1437.250000	0	207.250000	1440.250000	346.250000	0
1	10	2	0	0	0	0	0	0	1	0	0	0	0	0	0	0	60.750000	0
1	10	3	0.061188	0	0.737871	0.018103	0.016293	0.133478	0.033068	0	126.750000	0	1528.500000	37.500000	33.750000	276.500000	68.500000	0
1	10	4	0.196942	0.000952	0.565837	0.013677	0.018334	0.151480	0.052777	0	8891.500000	43.000000	25546.250000	617.500000	827.750000	6839.000000	2382.750000	0
1	10	5	0.421393	0.000082	0.233363	0.000033	0.076149	0.212104	0.056876	0	96027.000000	18.750000	53178.750000	7.500000	17352.750000	48334.250000	12961.000000	0
1	10	6	0.325489	0	0.227163	0	0.084964	0.303337	0.059047	0	36031.750000	0	25147.000000	0	9405.500000	33579.500000	6536.500000	0
1	10	7	0.259643	0	0.310136	0	0.044721	0.310784	0.074715	0	1203.250000	0	1437.250000	0	207.250000	1440.250000	346.250000	0
1	15	2	0	0	0	0	0	0	1	0	0	0	0	0	0	0	60.750000	0
1	15	3	0.061188	0	0.737871	0.018103	0.016293	0.133478	0.033068	0	126.750000	0	1528.500000	37.500000	33.750000	276.500000	68.500000	0
1	15	4	0.196942	0.000952	0.565837	0.013677	0.018334	0.151480	0.052777	0	8891.500000	43.000000	25546.250000	617.500000	827.750000	6839.000000	2382.750000	0
1	15	5	0.421393	0.000082	0.233363	0.000033	0.076149	0.212104	0.056876	0	96027.000000	18.750000	53178.750000	7.500000	17352.750000	48334.250000	12961.000000	0
1	15	6	0.325489	0	0.227163	0	0.084964	0.303337	0.059047	0	36031.750000	0	25147.000000	0	9405.500000	33579.500000	6536.500000	0
1	15	7	0.259643	0	0.310136	0	0.044721	0.310784	0.074715	0	1203.250000	0	1437.250000	0	207.250000	1440.250000	346.250000	0
1	20	2	0	0	0	0	0	0	1	0	0	0	0	0	0	0	60.750000	0
1	20	3	0.061188	0	0.737871	0.018103	0.016293	0.133478	0.033068	0	126.750000	0	1528.500000	37.500000	33.750000	276.500000	68.500000	0
1	20	4	0.196942	0.000952	0.565837	0.013677	0.018334	0.151480	0.052777	0	8891.500000	43.000000	25546.250000	617.500000	827.750000	6839.000000	2382.750000	0
1	20	5	0.421393	0.000082	0.233363	0.000033	0.076149	0.212104	0.056876	0	96027.000000	18.750000	53178.750000	7.500000	17352.750000	48334.250000	12961.000000	0
1	20	6	0.325489	0	0.227163	0	0.084964	0.303337	0.059047	0	36031.750000	0	25147.000000	0	9405.500000	33579.500000	6536.500000	0
1	20	7	0.259643	0	0.310136	0	0.044721	0.310784	0.074715	0	1203.250000	0	1437.250000	0	207.250000	1440.250000	346.250000	0
1	25	2	0	0	0	0	0	0	1	0	0	0	0	0	0	0	60.750000	0
1	25	3	0.061188	0	0.737871	0.018103	0.016293	0.133478	0.033068	0	126.750000	0	1528.500000	37.500000	33.750000	276.500000	68.500000	0
1	25	4	0.196942	0.000952	0.565837	0.013677	0.018334	0.151480	0.052777	0	8891.500000	43.000000	25546.250000	617.500000	827.750000	6839.000000	2382.750000	0
1	25	5	0.421393	0.000082	0.233363	0.000033	0.076149	0.212104	0.056876	0	96027.000000	18.750000	53178.750000	7.500000	17352.750000	48334.250000	12961.000000	0
1	25	6	0.325489	0	0.227163	0	0.084964	0.303337	0.059047	0	36031.750000	0	25147.000000	0	9405.500000	33579.500000	6536.500000	0
1	25	7	0.259643	0	0.310136	0	0.044721	0.310784	0.074715	0	1203.250000	0	1437.250000	0	207.250000	1440.250000	346.250000	0
1	30	2	0	0	0	0	0	0	1	0	0	0	0	0	0	0	60.750000	0
1	30	3	0.061188	0	0.737871	0.018103	0.016293	0.133478	0.033068	0	126.750000	0	1528.500000	37.500000	33.750000	276.500000	68.500000	0
1	30	4	0.196942	0.000952	0.565837	0.013677	0.018334	0.151480	0.052777	0	8891.500000	43.000000	25546.250000	617.500000	827.750000	6839.000000	2382.750000	0
1	30	5	0.421393	0.000082	0.233363	0.000033	0.076149	0.212104	0.056876	0	96027.000000	18.750000	53178.750000	7.500000	17352.750000	48334.250000	12961.000000	0
1	30	6	0.325489	0	0.227163	0	0.084964	0.303337	0.059047	0	36031.750000	0	25147.000000	0	9405.500000	33579.500000	6536.500000	0
1	30	7	0.259643	0	0.310136	0	0.044721	0.310784	0.074715	0	1203.250000	0	1437.250000	0	207.250000	1440.250000	346.250000	0
1	35	2	0	0	0	0	0	0	1	0	0	0	0	0	0	0	60.750000	0
1	35	3	0.061188	0	0.737871	0.018103	0.016293	0.133478	0.033068	0	126.750000	0	1528.500000	37.500000	33.750000	276.500000	68.500000	0
1	35	4	0.196942	0.000952	0.565837	0.013677	0.018334	0.151480	0.052777	0	8891.500000	43.000000	25546.250000	617.500000	827.750000	6839.000000	2382.750000	0
1	35	5	0.421393	0.000082	0.233363	0.000033	0.076149	0.212104	0.056876	0	96027.000000	18.750000	53178.750000	7.500000	17352.750000	48334.250000	12961.000000	0
1	35	6	0.325489	0	0.227163	0	0.084964	0.303337	0.059047	0	36031.750000	0	25147.000000	0	9405.500000	33579.500000	6536.500000	0
1	35	7	0.259643	0	0.310136	0	0.044721	0.310784	0.074715	0	1203.250000	0	1437.250000	0	207.250000	1440.250000	346.250000	0
1	40	2	0	0	0	0	0	0	1	0	0	0	0	0	0	0	60.750000	0
1	40	3	0.061188	0	0.737871	0.018103	0.016293	0.133478	0.033068	0	126.750000	0	1528.500000	37.500000	33.750000	276.500000	68.500000	0
1	40	4	0.196942	0.000952	0.565837	0.013677	0.018334	0.151480	0.052777	0	8891.500000	43.000000	25546.250000	617.500000	827.750000	6839.000000	2382.750000	0
1	40	5	0.421393	0.000082	0.233363	0.000033	0.076149	0.212104	0.056876	0	96027.000000	18.750000	53178.750000	7.500000	17352.750000	48334.250000	12961.000000	0
1	40	6	0.325489	0	0.227163	0	0.084964	0.303337	0.059047	0	36031.750000	0	25147.000000	0	9405.500000	33579.500000	6536.500000	0
1	40	7	0.259643	0	0.310136	0	0.044721	0.310784	0.074715	0	1203.250000	0	1437.250000	0	207.250000	1440.250000	346.250000	0
1	45	2	0	0	0	0	0	0	1	0	0	0	0	0	0	0	60.750000	0
1	45	3	0.061188	0	0.737871	0.018103	0.016293	0.133478	0.033068	0	126.750000	0	1528.500000	37.500000	33.750000	276.500000	68.500000	0
1	45	4	0.196942	0.000952	0.565837	0.013677	0.018334	0.151480	0.052777	0	8891.500000	43.000000	25546.250000	617.500000	827.750000	6839.000000	2382.750000	0
1	45	5	0.421393	0.000082	0.233363	0.000033	0.076149	0.212104	0.056876	0	96027.000000	18.750000	53178.750000	7.500000	17352.750000	48334.250000	12961.000000	0
1	45	6	0.325489	0	0.227163	0	0.084964	0.303337	0.059047	0	36031.750000	0	25147.000000	0	9405.500000	33579.500000	6536.500000	0
1	45	7	0.259643	0	0.310136	0	0.044721	0.310784	0.074715	0	1203.250000	0	1437.250000	0	207.250000	1440.250000	346.250000	0
1	50	2	0	0	0	0	0	0	1	0	0	0	0	0	0	0	60.750000	0
1	50	3	0.061188	0	0.737871	0.018103	0.016293	0.133478	0.033068	0	126.750000	0	1528.500000	37.500000	33.750000	276.500000	68.500000	0
1	50	4	0.196942	0.000952	0.565837	0.013677	0.018334	0.151480	0.052777	0	8891.500000	43.000000	25546.250000	617.500000	827.750000	6839.000000	2382.750000	0
1	50	5	0.421393	0.000082	0.233363	0.000033	0.076149	0.212104	0.056876	0	96027.000000	18.750000	53178.750000	7.500000	17352.750000	48334.250000	12961.000000	0
1	50	6	0.325489	0	0.227163	0	0.084964	0.303337	0.059047	0	36031.750000	0	25147.000000	0	9405.500000	33579.500000	6536.500000	0
1	50	7	0.259643	0	0.310136	0	0.044721	0.310784	0.074715	0	1203.250000	0	1437.250000	0	207.250000	1440.250000	346.250000	0
1	55	2	0	0	0	0	0	0	1	0	0	0	0	0	0	0	60.750000	0
1	55	3	0.061188	0	0.737871	0.018103	0.016293	0.133478	0.033068	0	126.750000	0	1528.500000	37.500000	33.750000	276.500000	68.500000	0
1	55	4	0.196942	0.000952	0.565837	0.013677	0.018334	0.151480	0.052777	0	8891.500000	43.000000	25546.250000	617.500000	827.750000	6839.000000	2382.750000	0
1	55	5	0.421393	0.000082	0.233363	0.000033	0.076149	0.212104	0.056876	0	96027.000000	18.750000	53178.750000	7.500000	17352.750000	48334.250000	12961.000000	0
1	55	6	0.325489	0	0.227163	0	0.084964	0.303337	0.059047	0	36031.750000	0	25147.000000	0	9405.500000	33579.500000	6536.500000	0
1	55	7	0.259643	0	0.310136	0	0.044721	0.310784	0.074715	0	1203.250000	0	1437.250000	0	207.250000	1440.250000	346.250000	0
1	60	2	0	0	0	0	0	0	1	0	0	0	0	0	0	0	60.750000	0
1	60	3	0.061188	0	0.737871	0.018103	0.016293	0.133478	0.033068	0	126.750000	0	1528.500000	37.500000	33.750000	276.500000	68.500000	0
1	60	4	0.196942	0.000952	0.565837	0.013677	0.018334	0.151480	0.052777	0	8891.500000	43.000000	25546.250000	617.500000	827.750000	6839.000000	2382.750000	0
1	60	5	0.421393	0.000082	0.233363	0.000033	0.076149	0.212104	0.056876	0	96027.000000	18.750000	53178.750000	7.500000	17352.750000	48334.250000	12961.000000	0
1	60	6	0.325489	0	0.227163	0	0.084964	0.303337	0.059047	0	36031.750000	0	25147.000000	0	9405.500000	33579.500000	6536.500000	0
1	60	7	0.259643	0	0.310136	0	0.044721	0.310784	0.074715	0	1203.250000	0	1437.250000	0	207.250000	1440.250000	346.250000	0
1	65	2	0	0	0	0	0	0	1	0	0	0	0	0	0	0	60.750000	0
1	65	3	0.061188	0	0.737871	0.018103	0.016293	0.133478	0.033068	0	126.750000	0	1528.500000	37.500000	33.750000	276.500000	68.500000	0
1	65	4	0.196942	0.000952	0.565837	0.013677	0.018334	0.151480	0.052777	0	8891.500000	43.000000	25546.250000	617.500000	827.750000	6839.000000	2382.750000	0
1	65	5	0.421393	0.000082	0.233363	0.000033	0.076149	0.212104	0.056876	0	96027.000000	18.750000	53178.750000	7.500000	17352.750000	48334.250000	12961.000000	0
1	65	6	0.325489	0	0.227163	0	0.084964	0.303337	0.059047	0	36031.750000	0	25147.000000	0	9405.500000	33579.500000	6536.500000	0
1	65	7	0.259643	0	0.310136	0	0.044721	0.310784	0.074715	0	1203.250000	0	1437.250000	0	207.250000	1440.250000	346.250000	0
1	70	2	0	0	0	0	0	0	1	0	0	0	0	0	0	0	60.750000	0
1	70	3	0.061188	0	0.737871	0.018103	0.016293	0.133478	0.033068	0	126.750000	0	1528.500000	37.500000	33.750000	276.500000	68.500000	0
1	70	4	0.196942	0.000952	0.565837	0.013677	0.018334	0.151480	0.052777	0	8891.500000	43.000000	25546.250000	617.500000	827.750000	6839.000000	2382.750000	0
1	70	5	0.421393	0.000082	0.233363	0.000033	0.076149	0.212104	0.056876	0	96027.000000	18.750000	53178.750000	7.500000	17352.750000	48334.250000	12961.000000	0
1	70	6	0.325489	0	0.227163	0	0.084964	0.303337	0.059047	0	36031.750000	0	25147.000000	0	9405.500000	33579.500000	6536.500000	0
1	70	7	0.259643	0	0.310136	0	0.044721	0.310784	0.074715	0	1203.250000	0	1437.250000	0	207.250000	1440.250000	346.250000	0
1	75	2	0	0	0	0	0	0	1	0	0	0	0	0	0	0	60.750000	0
1	75	3	0.061188	0	0.737871	0.018103	0.016293	0.133478	0.033068	0	126.750000	0	1528.500000	37.500000	33.750000	276.500000	68.500000	0
1	75	4	0.196942	0.000952	0.565837	0.013677	0.018334	0.151480	0.052777	0	8891.500000	43.000000	25546.250000	617.500000	827.750000	6839.000000	2382.750000	0
1	75	5	0.421393	0.000082	0.233363	0.000033	0.076149	0.212104	0.056876	0	96027.000000	18.750000	53178.750000	7.500000	17352.750000	48334.250000	12961.000000	0
1	75	6	0.325489	0	0.227163	0	0.084964	0.303337	0.059047	0	36031.750000	0	25147.000000	0	9405.500000	33579.500000	6536.500000	0
1	75	7	0.259643	0	0.310136	0	0.044721	0.310784	0.074715	0	1203.250000	0	1437.250000	0	207.250000	1440.250000	346.250000	0
1	80	2	0	0	0	0	0	0	1	0	0	0	0	0	0	0	60.750000	0
1	80	3	0.061188	0	0.737871	0.018103	0.016293	0.133478	0.033068	0	126.750000	0	1528.500000	37.500000	33.750000	276.500000	68.500000	0
1	80	4	0.196942	0.000952	0.565837	0.013677	0.018334	0.151480	0.052777	0	8891.500000	43.000000	25546.250000	617.500000	827.750000	6839.000000	2382.750000	0
1	80	5	0.421393	0.000082	0.233363	0.000033	0.076149	0.212104	0.056876	0	96027.000000	18.750000	53178.750000	7.500000	17352.750000	48334.250000	12961.000000	0
1	80	6	0.325489	0	0.227163	0	0.084964	0.303337	0.059047	0	36031.750000	0	25147.000000	0	9405.500000	33579.500000	6536.500000	0
1	80	7	0.259643	0	0.310136	0	0.044721	0.310784	0.074715	0	1203.250000	0	1437.250000	0	207.250000	1440.250000	346.250000	0
1	85	2	0	0	0	0	0	0	1	0	0	0	0	0	0	0	60.750000	0
1	85	3	0.061188	0	0.737871	0.018103	0.016293	0.133478	0.033068	0	126.750000	0	1528.500000	37.500000	33.750000	276.500000	68.500000	0
1	85	4	0.196942	0.000952	0.565837	0.013677	0.018334	0.151480	0.052777	0	8891.500000	43.000000	25546.250000	617.500000	827.750000	6839.000000	2382.750000	0
1	85	5	0.421393	0.000082	0.233363	0.000033	0.076149	0.212104	0.056876	0	96027.000000	18.750000	53178.750000	7.500000	17352.750000	48334.250000	12961.000000	0
1	85	6	0.325489	0	0.227163	0	0.084964	0.303337	0.059047	0	36031.750000	0	25147.000000	0	9405.500000	33579.500000	6536.500000	0
1	85	7	0.259643	0	0.310136	0	0.044721	0.310784	0.074715	0	1203.250000	0	1437.250000	0	207.250000	1440.250000	346.250000	0
1	90	2	0	0	0	0	0	0	1	0	0	0	0	0	0	0	60.750000	0
1	90	3	0.061188	0	0.737871	0.018103	0.016293	0.133478	0.033068	0	126.750000	0	1528.500000	37.500000	33.750000	276.500000	68.500000	0
1	90	4	0.196942	0.000952	0.565837	0.013677	0.018334	0.151480	0.052777	0	8891.500000	43.000000	25546.250000	617.500000	827.750000	6839.000000	2382.750000	0
1	90	5	0.421393	0.000082	0.233363	0.000033	0.076149	0.212104	0.056876	0	96027.000000	18.750000	53178.750000	7.500000	17352.750000	48334.250000	12961.000000	0
1	90	6	0.325489	0	0.227163	0	0.084964	0.303337	0.059047	0	36031.750000	0	25147.000000	0	9405.500000	33579.500000	6536.500000	0
1	90	7	0.259643	0	0.310136	0	0.044721	0.310784	0.074715	0	1203.250000	0	1437.250000	0	207.250000	1440.250000	346.250000	0
1	95	2	0	0	0	0	0	0	1	0	0	0	0	0	0	0	60.750000	0
1	95	3	0.061188	0	0.737871	0.018103	0.016293	0.133478	0.033068	0	126.750000	0	1528.500000	37.500000	33.750000	276.500000	68.500000	0
1	95	4	0.196942	0.000952	0.565837	0.013677	0.018334	0.151480	0.052777	0	8891.500000	43.000000	25546.250000	617.500000	827.750000	6839.000000	2382.750000	0
1	95	5	0.421393	0.000082	0.233363	0.000033	0.076149	0.212104	0.056876	0	96027.000000	18.750000	53178.750000	7.500000	17352.750000	48334.250000	12961.000000	0
1	95	6	0.325489	0	0.227163	0	0.084964	0.303337	0.059047	0	36031.750000	0	25147.000000	0	9405.500000	33579.500000	6536.500000	0
1	95	7	0.259643	0	0.310136	0	0.044721	0.310784	0.074715	0	1203.250000	0	1437.250000	0	207.250000	1440.250000	346.250000	0
1	100	2	0	0	0	0	0	0	1	0	0	0	0	0	0	0	60.750000	0
1	100	3	0.061188	0	0.737871	0.018103	0.016293	0.133478	0.033068	0	126.750000	0	1528.500000	37.500000	33.750000	276.500000	68.500000	0
1	100	4	0.196942	0.000952	0.565837	0.013677	0.018334	0.151480	0.052777	0	8891.500000	43.000000	25546.250000	617.500000	827.750000	6839.000000	2382.750000	0
1	100	5	0.421393	0.000082	0.233363	0.000033	0.076149	0.212104	0.056876	0	96027.000000	18.750000	53178.750000	7.500000	17352.750000	48334.250000	12961.000000	0
1	100	6	0.325489	0	0.227163	0	0.084964	0.303337	0.059047	0	36031.750000	0	25147.000000	0	9405.500000	33579.500000	6536.500000	0
1	100	7	0.259643	0	0.310136	0	0.044721	0.310784	0.074715	0	1203.250000	0	1437.250000	0	207.250000	1440.250000	346.250000	0
1	105	2	0	0	0	0	0	0	1	0	0	0	0	0	0	0	60.750000	0
1	105	3	0.061188	0	0.737871	0.018103	0.016293	0.133478	0.033068	0	126.750000	0	1528.500000	37.500000	33.750000	276.500000	68.500000	0
1	105	4	0.196942	0.000952	0.565837	0.013677	0.018334	0.151480	0.052777	0	8891.500000	43.000000	25546.250000	617.500000	827.750000	6839.000000	2382.750000	0
1	105	5	0.421393	0.000082	0.233363	0.000033	0.076149	0.212104	0.056876	0	96027.000000	18.750000	53178.750000	7.500000	17352.750000	48334.250000	12961.000000	0
1	105	6	0.325489	0	0.227163	0	0.084964	0.303337	0.059047	0	36031.750000	0	25147.000000	0	9405.500000	33579.500000	6536.500000	0
1	105	7	0.259643	0	0.310136	0	0.044721	0.310784	0.074715	0	1203.250000	0	1437.250000	0	207.250000	1440.250000	346.250000	0
1	110	2	0	0	0	0	0	0	1	0	0	0	0	0	0	0	60.750000	0
1	110	3	0.061188	0	0.737871	0.018103	0.016293	0.133478	0.033068	0	126.750000	0	1528.500000	37.500000	33.750000	276.500000	68.500000	0
1	110	4	0.196942	0.000952	0.565837	0.013677	0.018334	0.151480	0.052777	0	8891.500000	43.000000	25546.250000	617.500000	827.750000	6839.000000	2382.750000	0
1	110	5	0.421393	0.000082	0.233363	0.000033	0.076149	0.212104	0.056876	0	96027.000000	18.750000	53178.750000	7.500000	17352.750000	48334.250000	12961.000000	0
1	110	6	0.325489	0	0.227163	0	0.084964	0.303337	0.059047	0	36031.750000	0	25147.000000	0	9405.500000	33579.500000	6536.500000	0
1	110	7	0.259643	0	0.310136	0	0.044721	0.310784	0.074715	0	1203.250000	0	1437.250000	0	207.250000	1440.250000	346.250000	0
1	115	2	0	0	0	0	0	0	1	0	0	0	0	0	0	0	60.750000	0
1	115	3	0.061188	0	0.737871	0.018103	0.016293	0.133478	0.033068	0	126.750000	0	1528.500000	37.500000	33.750000	276.500000	68.500000	0
1	115	4	0.196942	0.000952	0.565837	0.013677	0.018334	0.151480	0.052777	0	8891.500000	43.000000	25546.250000	617.500000	827.750000	6839.000000	2382.750000	0
1	115	5	0.421393	0.000082	0.233363	0.000033	0.076149	0.212104	0.056876	0	96027.000000	18.750000	53178.750000	7.500000	17352.750000	48334.250000	12961.000000	0
1	115	6	0.325489	0	0.227163	0	0.084964	0.303337	0.059047	0	36031.750000	0	25147.000000	0	9405.500000	33579.500000	6536.500000	0
1	115	7	0.259643	0	0.310136	0	0.044721	0.310784	0.074715	0	1203.250000	0	1437.250000	0	207.250000	1440.250000	346.250000	0
1	120	2	0	0	0	0	0	0	1	0	0	0	0	0	0	0	60.750000	0
1	120	3	0.061188	0	0.737871	0.018103	0.016293	0.133478	0.033068	0	126.750000	0	1528.500000	37.500000	33.750000	276.500000	68.500000	0
1	120	4	0.196942	0.000952	0.565837	0.013677	0.018334	0.151480	0.052777	0	8891.500000	43.000000	25546.250000	617.500000	827.750000	6839.000000	2382.750000	0
1	120	5	0.421393	0.000082	0.233363	0.000033	0.076149	0.212104	0.056876	0	96027.000000	18.750000	53178.750000	7.500000	17352.750000	48334.250000	12961.000000	0
1	120	6	0.325489	0	0.227163	0	0.084964	0.303337	0.059047	0	36031.750000	0	25147.000000	0	9405.500000	33579.500000	6536.500000	0
1	120	7	0.259643	0	0.310136	0	0.044721	0.310784	0.074715	0	1203.250000	0	1437.250000	0	207.250000	1440.250000	346.250000	0
1	125	2	0	0	0	0	0	0	1	0	0	0	0	0	0	0	60.750000	0
1	125	3	0.061188	0	0.737871	0.018103	0.016293	0.133478	0.033068	0	126.750000	0	1528.500000	37.500000	33.750000	276.500000	68.500000	0
1	125	4	0.196942	0.000952	0.565837	0.013677	0.018334	0.151480	0.052777	0	8891.500000	43.000000	25546.250000	617.500000	827.750000	6839.000000	2382.750000	0
1	125	5	0.421393	0.000082	0.233363	0.000033	0.076149	0.212104	0.056876	0	96027.000000	18.750000	53178.750000	7.500000	17352.750000	48334.250000	12961.000000	0
1	125	6	0.325489	0	0.227163	0	0.084964	0.303337	0.059047	0	36031.750000	0	25147.000000	0	9405.500000	33579.500000	6536.500000	0
1	125	7	0.259643	0	0.310136	0	0.044721	0.310784	0.074715	0	1203.250000	0	1437.250000	0	207.250000	1440.250000	346.250000	0
1	130	2	0	0	0	0	0	0	1	0	0	0	0	0	0	0	60.750000	0
1	130	3	0.061188	0	0.737871	0.018103	0.016293	0.133478	0.033068	0	126.750000	0	1528.500000	37.500000	33.750000	276.500000	68.500000	0
1	130	4	0.196942	0.000952	0.565837	0.013677	0.018334	0.151480	0.052777	0	8891.500000	43.000000	25546.250000	617.500000	827.750000	6839.000000	2382.750000	0
1	130	5	0.421393	0.000082	0.233363	0.000033	0.076149	0.212104	0.056876	0	96027.000000	18.750000	53178.750000	7.500000	17352.750000	48334.250000	12961.000000	0
1	130	6	0.325489	0	0.227163	0	0.084964	0.303337	0.059047	0	36031.750000	0	25147.000000	0	9405.500000	33579.500000	6536.500000	0
1	130	7	0.259643	0	0.310136	0	0.044721	0.310784	0.074715	0	1203.250000	0	1437.250000	0	207.250000	1440.250000	346.250000	0
1	135	2	0	0	0	0	0	0	1	0	0	0	0	0	0	0	60.750000	0
1	135	3	0.061188	0	0.737871	0.018103	0.016293	0.133478	0.033068	0	126.750000	0	1528.500000	37.500000	33.750000	276.500000	68.500000	0
1	135	4	0.196942	0.000952	0.565837	0.013677	0.018334	0.151480	0.052777	0	8891.500000	43.000000	25546.250000	617.500000	827.750000	6839.000000	2382.750000	0
1	135	5	0.421393	0.000082	0.233363	0.000033	0.076149	0.212104	0.056876	0	96027.000000	18.750000	53178.750000	7.500000	17352.750000	48334.250000	12961.000000	0
1	135	6	0.325489	0	0.227163	0	0.084964	0.303337	0.059047	0	36031.750000	0	25147.000000	0	9405.500000	33579.500000	6536.500000	0
1	135	7	0.259643	0	0.310136	0	0.044721	0.310784	0.074715	0	1203.250000	0	1437.250000	0	207.250000	1440.250000	346.250000	0
1	140	2	0	0	0	0	0	0	1	0	0	0	0	0	0	0	60.750000	0
1	140	3	0.061188	0	0.737871	0.018103	0.016293	0.133478	0.033068	0	126.750000	0	1528.500000	37.500000	33.750000	276.500000	68.500000	0
1	140	4	0.196942	0.000952	0.565837	0.013677	0.018334	0.151480	0.052777	0	8891.500000	43.000000	25546.250000	617.500000	827.750000	6839.000000	2382.750000	0
1	140	5	0.421393	0.000082	0.233363	0.000033	0.076149	0.212104	0.056876	0	96027.000000	18.750000	53178.750000	7.500000	17352.750000	48334.250000	12961.000000	0
1	140	6	0.325489	0	0.227163	0	0.084964	0.303337	0.059047	0	36031.750000	0	25147.000000	0	9405.500000	33579.500000	6536.500000	0
1	140	7	0.259643	0	0.310136	0	0.044721	0.310784	0.074715	0	1203.250000	0	1437.250000	0	207.250000	1440.250000	346.250000	0
1	145	2	0	0	0	0	0	0	1	0	0	0	0	0	0	0	60.750000	0
1	145	3	0.061188	0	0.737871	0.018103	0.016293	0.133478	0.033068	0	126.750000	0	1528.500000	37.500000	33.750000	276.500000	68.500000	0
1	145	4	0.196942	0.000952	0.565837	0.013677	0.018334	0.151480	0.052777	0	8891.500000	43.000000	25546.250000	617.500000	827.750000	6839.000000	2382.750000	0
1	145	5	0.421393	0.000082	0.233363	0.000033	0.076149	0.212104	0.056876	0	96027.000000	18.750000	53178.750000	7.500000	17352.750000	48334.250000	12961.000000	0
1	145	6	0.325489	0	0.227163	0	0.084964	0.303337	0.059047	0	36031.750000	0	25147.000000	0	9405.500000	33579.500000	6536.500000	0
1	145	7	0.259643	0	0.310136	0	0.044721	0.310784	0.074715	0	1203.250000	0	1437.250000	0	207.250000	1440.250000	346.250000	0
1	150	2	0	0	0	0	0	0	1	0	0	0	0	0	0	0	60.750000	0
1	150	3	0.061188	0	0.737871	0.018103	0.016293	0.133478	0.033068	0	126.750000	0	1528.500000	37.500000	33.750000	276.500000	68.500000	0
1	150	4	0.196942	0.000952	0.565837	0.013677	0.018334	0.151480	0.052777	0	8891.500000	43.000000	25546.250000	617.500000	827.750000	6839.000000	2382.750000	0
1	150	5	0.421393	0.000082	0.233363	0.000033	0.076149	0.212104	0.056876	0	96027.000000	18.750000	53178.750000	7.500000	17352.750000	48334.250000	12961.000000	0
1	150	6	0.325489	0	0.227163	0	0.084964	0.303337	0.059047	0	36031.750000	0	25147.000000	0	9405.500000	33579.500000	6536.500000	0
1	150	7	0.259643	0	0.310136	0	0.044721	0.310784	0.074715	0	1203.250000	0	1437.250000	0	207.250000	1440.250000	346.250000	0
1	155	2	0	0	0	0	0	0	1	0	0	0	0	0	0	0	60.750000	0
1	155	3	0.061188	0	0.737871	0.018103	0.016293	0.133478	0.033068	0	126.750000	0	1528.500000	37.500000	33.750000	276.500000	68.500000	0
1	155	4	0.196942	0.000952	0.565837	0.013677	0.018334	0.151480	0.052777	0	8891.500000	43.000000	25546.250000	617.500000	827.750000	6839.000000	2382.750000	0
1	155	5	0.421393	0.000082	0.233363	0.000033	0.076149	0.212104	0.056876	0	96027.000000	18.750000	53178.750000	7.500000	17352.750000	48334.250000	12961.000000	0
1	155	6	0.325489	0	0.227163	0	0.084964	0.303337	0.059047	0	36031.750000	0	25147.000000	0	9405.500000	33579.500000	6536.500000	0
1	155	7	0.259643	0	0.310136	0	0.044721	0.310784	0.074715	0	1203.250000	0	1437.250000	0	207.250000	1440.250000	346.250000	0
1	160	2	0	0	0	0	0	0	1	0	0	0	0	0	0	0	60.750000	0
1	160	3	0.061188	0	0.737871	0.018103	0.016293	0.133478	0.033068	0	126.750000	0	1528.500000	37.500000	33.750000	276.500000	68.500000	0
1	160	4	0.196942	0.000952	0.565837	0.013677	0.018334	0.151480	0.052777	0	8891.500000	43.000000	25546.250000	617.500000	827.750000	6839.000000	2382.750000	0
1	160	5	0.421393	0.000082	0.233363	0.000033	0.076149	0.212104	0.056876	0	96027.000000	18.750000	53178.750000	7.500000	17352.750000	48334.250000	12961.000000	0
1	160	6	0.325489	0	0.227163	0	0.084964	0.303337	0.059047	0	36031.750000	0	25147.000000	0	9405.500000	33579.500000	6536.500000	0
1	160	7	0.259643	0	0.310136	0	0.044721	0.310784	0.074715	0	1203.250000	0	1437.250000	0	207.250000	1440.250000	346.250000	0
1	165	2	0	0	0	0	0	0	1	0	0	0	0	0	0	0	60.750000	0
1	165	3	0.061188	0	0.737871	0.018103	0.016293	0.133478	0.033068	0	126.750000	0	1528.500000	37.500000	33.750000	276.500000	68.500000	0
1	165	4	0.196942	0.000952	0.565837	0.013677	0.018334	0.151480	0.052777	0	8891.500000	43.000000	25546.250000	617.500000	827.750000	6839.000000	2382.750000	0
1	165	5	0.421393	0.000082	0.233363	0.000033	0.076149	0.212104	0.056876	0	96027.000000	18.750000	53178.750000	7.500000	17352.750000	48334.250000	12961.000000	0
1	165	6	0.325489	0	0.227163	0	0.084964	0.303337	0.059047	0	36031.750000	0	25147.000000	0	9405.500000	33579.500000	6536.500000	0
1	165	7	0.259643	0	0.310136	0	0.044721	0.310784	0.074715	0	1203.250000	0	1437.250000	0	207.250000	1440.250000	346.250000	0
1	170	2	0	0	0	0	0	0	1	0	0	0	0	0	0	0	60.750000	0
1	170	3	0.061188	0	0.737871	0.018103	0.016293	0.133478	0.033068	0	126.750000	0	1528.500000	37.500000	33.750000	276.500000	68.500000	0
1	170	4	0.196942	0.000952	0.565837	0.013677	0.018334	0.151480	0.052777	0	8891.500000	43.000000	25546.250000	617.500000	827.750000	6839.000000	2382.750000	0
1	170	5	0.421393	0.000082	0.233363	0.000033	0.076149	0.212104	0.056876	0	96027.000000	18.750000	53178.750000	7.500000	17352.750000	48334.250000	12961.000000	0
1	170	6	0.325489	0	0.227163	0	0.084964	0.303337	0.059047	0	36031.750000	0	25147.000000	0	9405.500000	33579.500000	6536.500000	0
1	170	7	0.259643	0	0.310136	0	0.044721	0.310784	0.074715	0	1203.250000	0	1437.250000	0	207.250000	1440.250000	346.250000	0
1	175	2	0	0	0	0	0	0	1	0	0	0	0	0	0	0	60.750000	0
1	175	3	0.061188	0	0.737871	0.018103	0.016293	0.133478	0.033068	0	126.750000	0	1528.500000	37.500000	33.750000	276.500000	68.500000	0
1	175	4	0.196942	0.000952	0.565837	0.013677	0.018334	0.151480	0.052777	0	8891.500000	43.000000	25546.250000	617.500000	827.750000	6839.000000	2382.750000	0
1	175	5	0.421393	0.000082	0.233363	0.000033	0.076149	0.212104	0.056876	0	96027.000000	18.750000	53178.750000	7.500000	17352.750000	48334.250000	12961.000000	0
1	175	6	0.325489	0	0.227163	0	0.084964	0.303337	0.059047	0	36031.750000	0	25147.000000	0	9405.500000	33579.500000	6536.500000	0
1	175	7	0.259643	0	0.310136	0	0.044721	0.310784	0.074715	0	1203.250000	0	1437.250000	0	207.250000	1440.250000	346.250000	0
1	180	2	0	0	0	0	0	0	1	0	0	0	0	0	0	0	60.750000	0
1	180	3	0.061188	0	0.737871	0.018103	0.016293	0.133478	0.033068	0	126.750000	0	1528.500000	37.500000	33.750000	276.500000	68.500000	0
1	180	4	0.196942	0.000952	0.565837	0.013677	0.018334	0.151480	0.052777	0	8891.500000	43.000000	25546.250000	617.500000	827.750000	6839.000000	2382.750000	0
1	180	5	0.421393	0.000082	0.233363	0.000033	0.076149	0.212104	0.056876	0	96027.000000	18.750000	53178.750000	7.500000	17352.750000	48334.250000	12961.000000	0
1	180	6	0.325489	0	0.227163	0	0.084964	0.303337	0.059047	0	36031.750000	0	25147.000000	0	9405.500000	33579.500000	6536.500000	0
1	180	7	0.259643	0	0.310136	0	0.044721	0.310784	0.074715	0	1203.250000	0	1437.250000	0	207.250000	1440.250000	346.250000	0
