Index	AC0-19	AC20-39	AC40-59	AC60-79	AC80-99	AC100-120	Species	LandUnit	IndexTranslate		
91	0	3	3	3	2	0	9	1	0	 Bb	FE32
93	0	0	0	0	0	0	11	1	91	 BbPe	FE32
96	0	0	0	0	0	0	14	1	91	 BbS	FE32
100	0	0	0	0	0	0	18	1	101	 Pe	FE32
101	0	0	0	0	0	0	19	1	91	 PeBb	FE32
114	0	97	97	97	98	100	32	1	0	 ES	FE32
121	100	0	0	0	0	0	39	1	0	 PgE	FE32
173	0	14	19	19.5	30	100	9	2	0	 Bb	MJ12
175	0	0	1.1	1.2	0	0	11	2	0	 BbPe	MJ12
178	0	78.6	71	57	57	0	14	2	0	 BbS	MJ12
182	0	0	0	0	0	0	18	2	183	 Pe	MJ12
183	0	0.4	0.4	6	0	0	19	2	0	 PeBb	MJ12
191	0	0	0	0	0	0	27	2	196	 E	MJ12
196	0	7	7	13	13	0	32	2	0	 ES	MJ12
203	100	0	0	0	0	0	39	2	0	 PgE	MJ12
210	0	0	1.5	3.3	0	0	46	2	0	 SBb	MJ12
255	0	14	16.7	23.5	31.5	18.5	9	3	0	 Bb	MJ22
257	0	8	8	8	27	27	11	3	0	 BbPe	MJ22
258	0	0.1	0.3	0.6	0.8	0.8	12	3	0	 BbE	MJ22
259	0	0	0	0	0	0	13	3	255	 BbPg	MJ22
260	0	67.7	67.7	57.1	33.2	9.6	14	3	0	 BbS	MJ22
264	0	0	0.3	0.7	0.7	0.7	18	3	0	 Pe	MJ22
265	0	2.8	2.8	4	5.4	43.4	19	3	0	 PeBb	MJ22
267	0	0	0	0	0	0	21	3	275	 PeE	MJ22
269	0	0	0.1	0.1	0	0	23	3	0	 PeS	MJ22
273	0	0.1	0.1	0.2	0	0	27	3	0	 E	MJ22
274	0	0	0	0	0	0	28	3	258	 EBb	MJ22
275	12.4	0	0	0	0	0	29	3	0	 EPe	MJ22
278	0	2.2	2.2	3.9	0.6	0	32	3	0	 ES	MJ22
282	1.8	0	0	0	0	0	36	3	0	 Pg	MJ22
285	84.7	3	0	0	0.1	0	39	3	0	 PgE	 ImperfectDrainage
291	1.1	0.3	0	0	0	0	45	3	0	 S	MJ22
292	0	1.6	1.6	1.6	0.6	0	46	3	0	 SBb	MJ22
293	0	0.2	0.2	0.1	0	0	47	3	0	 SPe	MJ22
294	0	0	0	0.2	0.1	0	48	3	0	 SE	MJ22
337	0	8.4	8.4	8.4	15	15	9	4	0	 Bb	MJ25
339	0	4.5	4.5	4.5	24	29.3	11	4	0	 BbPe	MJ25
342	0	78.8	80.6	73	53.9	21.7	14	4	0	 BbS	MJ25
346	0	0	0	0	0	0	18	4	347	 Pe	MJ25
347	1.3	2.7	2.7	4	6.5	34	19	4	0	 PeBb	MJ25
355	0	0	0	0	0	0	27	4	360	 E	MJ25
357	0	0	0	0	0	0	29	4	347	 EPe	MJ25
360	0	1	1	3.2	0	0	32	4	0	 ES	MJ25
367	95.2	1	0	0	0	0	39	4	0	 PgE	MJ25
373	3.5	1	0	0	0	0	45	4	0	 S	MJ25
374	0	2.6	2.6	6.5	0.6	0	46	4	0	 SBb	MJ25
375	0	0	0.2	0.4	0	0	47	4	0	 SPe	MJ25
419	0	3.5	21.3	21.3	21.3	52.4	9	5	0	 Bb	MS20
421	0	21.5	21.5	21.5	28.5	0	11	5	0	 BbPe	MS20
422	0	1.2	1.8	1.8	3	0	12	5	0	 BbE	MS20
424	0	23	32.2	32.2	35.5	47.6	14	5	0	 BbS	MS20
428	0	0.5	1	1	0	0	18	5	0	 Pe	MS20
429	0	12	12	9.6	8.7	0	19	5	0	 PeBb	MS20
432	0	0	0	1.6	0	0	22	5	0	 PePg	MS20
438	0	0	0	0	0	0	28	5	422	 EBb	MS20
439	3	1.5	1.5	0.5	0.5	0	29	5	0	 EPe	MS20
441	0	0	0	1.3	0	0	31	5	0	 EPg	MS20
448	0	0	0	1.3	0	0	38	5	0	 PgPe	MS20
449	70	28.4	0.3	0	0	0	39	5	0	 PgE	MS20
455	27	0	0	0	0	0	45	5	0	 S	MS20
456	0	6.2	6.2	5.8	0.5	0	46	5	0	 SBb	MS20
457	0	2.2	2.2	2.1	2	0	47	5	0	 SPe	MS20
501	0	3	9.1	11.2	19.3	17.3	9	6	0	 Bb	MS21
503	0	27.2	27.2	27.2	27.2	27.2	11	6	0	 BbPe	MS21
504	0	0	0	0	0	0	12	6	501	 BbE	MS21
506	0	42	45.5	45.5	45.5	48	14	6	0	 BbS	MS21
510	0	1	2.5	0.3	0	0	18	6	0	 Pe	MS21
511	0	15	9.3	7.5	7.5	7.5	19	6	0	 PeBb	MS21
513	0	0	0	0	0	0	21	6	510	 PeE	MS21
514	0	0	0	0	0	0	22	6	530	 PePg	MS21
515	0	0	0	1.3	0	0	23	6	0	 PeS	MS21
521	2	1	0	0	0	0	29	6	0	 EPe	MS21
528	0	0	0	0	0	0	36	6	531	 Pg	MS21
529	0	0	0	0	0	0	37	6	530	 PgBb	MS21
530	0	0	0	4	0	0	38	6	0	 PgPe	MS21
531	92.1	4	0	0	0	0	39	6	0	 PgE	MS21
537	5.9	1	0	0	0	0	45	6	0	 S	MS21
538	0	4	4.4	2.2	0	0	46	6	0	 SBb	MS21
539	0	1.8	0.9	0.8	0.5	0	47	6	0	 SPe	MS21
540	0	0	1.1	0	0	0	48	6	0	 SE	MS21
583	0	12	34.6	25	25	25	9	7	0	 Bb	MS22
585	0.8	24.8	24.8	24.8	24.8	29.5	11	7	0	 BbPe	MS22
586	0	0.4	0.5	1.1	0.8	0	12	7	0	 BbE	MS22
587	0	0	0	0	0	0	13	7	611	 BbPg	MS22
588	0.2	22	22	20.6	20.6	16.3	14	7	0	 BbS	MS22
592	0	1	1.1	5	1.6	0	18	7	0	 Pe	MS22
593	0.6	13.3	13.3	20	24	27.7	19	7	0	 PeBb	MS22
595	0.5	0.5	0.5	0.5	0.5	0	21	7	0	 PeE	MS22
596	0.7	0.6	0.6	0.5	0	0	22	7	0	 PePg	MS22
597	0	0.2	0.2	0.2	0.3	0	23	7	0	 PeS	MS22
601	0	0	0	0.2	0.1	0	27	7	0	 E	MS22
602	0	0.1	0.1	0.1	0.1	0	28	7	0	 EBb	MS22
603	4.8	0	0	0	0	0	29	7	0	 EPe	MS22
605	0	0	0	0	0	0	31	7	601	 EPg	MS22
606	0	0	0	0	0	0	32	7	601	 ES	MS22
610	0.7	0	0	0	0	0	36	7	0	 Pg	MS22
611	0	0	0	0	0.5	0	37	7	0	 PgBb	MS22
612	0.3	0.3	0.3	0.2	0	0	38	7	0	 PgPe	MS22
613	68.2	15	0	0	0.1	0	39	7	0	 PgE	MS22
619	23.2	1	0	0.1	0	0	45	7	0	 S	MS22
620	0	5.8	1.8	1.5	1.5	1.5	46	7	0	 SBb	MS22
621	0	3	0.2	0.2	0.1	0	47	7	0	 SPe	MS22
622	0	0	0	0	0	0	48	7	619	 SE	MS22
623	0	0	0	0	0	0	49	7	619	 SPg	MS22
665	0	7.2	8	10.2	10.6	36.3	9	8	0	 Bb	MS25
667	0	8.2	13	15.1	28.7	28.7	11	8	0	 BbPe	MS25
668	0	0	0	0	0	0	12	8	665	 BbE	MS25
670	0	51.3	57.1	48.2	42.5	35	14	8	0	 BbS	MS25
674	0	0	0	0	0	0	18	8	675	 Pe	MS25
675	1.2	15.7	16.3	16.3	15.3	0	19	8	0	 PeBb	MS25
679	0	0	0	0	0	0	23	8	675	 PeS	MS25
694	0	0	0	3.6	0	0	38	8	0	 PgPe	MS25
695	43.4	8.3	0	0	0	0	39	8	0	 PgE	MS25
701	55.4	0	0	0	0	0	45	8	0	 S	MS25
702	0	8.4	4.5	4.5	0.8	0	46	8	0	 SBb	MS25
703	0	0.9	1.1	2.1	2.1	0	47	8	0	 SPe	MS25
747	0	0	0	0	0	0	9	9	749	 Bb	RE20
749	0	0	0.3	0.1	0	0	11	9	0	 BbPe	RE20
750	0	0	0	0	0	0	12	9	766	 BbE	RE20
757	0	0	0	0.1	0.4	0	19	9	0	 PeBb	RE20
759	0	0	0	0	0	0	21	9	757	 PeE	RE20
761	0	0	0	0	0	0	23	9	785	 PeS	RE20
765	0	40.5	57.3	57.3	57.3	83.7	27	9	0	 E	RE20
766	0	0	0.2	0.1	0	0	28	9	0	 EBb	RE20
767	1.6	0	0	0	0	0	29	9	0	 EPe	RE20
769	0	7	15.8	14.6	14.3	11	31	9	0	 EPg	RE20
770	0	0.3	0.2	0.2	0.2	0	32	9	0	 ES	RE20
772	0	0	0	0	0	0	34	9	765	 EMe	RE20
774	2.9	5.5	5.5	7.5	8.2	0.2	36	9	0	 Pg	RE20
775	0	0	0	0.2	0	0	37	9	0	 PgBb	RE20
777	94.4	45	19.7	18.9	18.9	5.1	39	9	0	 PgE	RE20
781	0	0	0	0	0	0	43	9	774	 PgMe	RE20
783	1.1	1	0	0	0	0	45	9	0	 S	RE20
784	0	0	0	0.1	0	0	46	9	0	 SBb	RE20
785	0	0	0.3	0.2	0	0	47	9	0	 SPe	RE20
786	0	0.7	0.7	0.7	0.7	0	48	9	0	 SE	RE20
787	0	0	0	0	0	0	49	9	786	 SPg	RE20
829	0	0	0	0	0	0	9	10	866	 Bb	RE21
834	0	0	0	0	0	0	14	10	866	 BbS	RE21
839	0	0	0	0	0	0	19	10	849	 PeBb	RE21
842	0	0	0	0	0	0	22	10	858	 PePg	RE21
847	0	25	33.7	36	39.5	62	27	10	0	 E	RE21
849	4	0.2	0.1	0.1	0.1	0	29	10	0	 EPe	RE21
851	0	17	13.8	11.5	10	9	31	10	0	 EPg	RE21
852	0	0.5	0	0	0	0	32	10	0	 ES	RE21
854	0	1.2	1.2	1.2	1.2	4	34	10	0	 EMe	RE21
856	27	24.6	24.6	24.6	24.6	10	36	10	0	 Pg	RE21
857	0	0	0	0	0	0	37	10	856	 PgBb	RE21
858	0.1	0.1	0.3	0.3	0.3	0	38	10	0	 PgPe	RE21
859	68.9	28	25.7	25.7	22.6	15	39	10	0	 PgE	RE21
863	0	0	0	0	0	0	43	10	856	 PgMe	RE21
865	0	0.4	0	0	0	0	45	10	0	 S	RE21
866	0	0.1	0.2	0.2	0	0	46	10	0	 SBb	RE21
867	0	0.5	0	0	0	0	47	10	0	 SPe	RE21
868	0	2.4	0.4	0.4	0.4	0	48	10	0	 SE	RE21
869	0	0	0	0	0	0	49	10	865	 SPg	RE21
872	0	0	0	0	1.3	0	52	10	0	 SMe	RE21
886	0	0	0	0	0	0	66	10	854	 MeE	RE21
887	0	0	0	0	0	0	67	10	856	 MePg	RE21
929	0	30.7	47	47	54.6	79.8	27	11	0	 E	RE22
930	0	0	0	0	0	0	28	11	929	 EBb	RE22
933	0	4	11	17.7	7.5	0	31	11	0	 EPg	RE22
934	0	0	0	0	0	0	32	11	950	 ES	RE22
936	0	28.6	28.6	21.8	21.8	16.7	34	11	0	 EMe	RE22
938	0	0	0	0	0	0	36	11	941	 Pg	RE22
941	98.4	29.2	4.8	1.3	1.3	1.3	39	11	0	 PgE	RE22
945	0	0	0	0	0	0	43	11	969	 PgMe	RE22
947	0	0	0	0	0	0	45	11	950	 S	RE22
950	1.6	2.2	2.2	1.5	1.5	1.3	48	11	0	 SE	RE22
951	0	0	0	0	0	0	49	11	950	 SPg	RE22
965	0	0.3	0.4	1.2	1.3	0	63	11	0	 Me	RE22
968	0	5	6	9	9	0.9	66	11	0	 MeE	RE22
969	0	0	0	0.5	3	0	67	11	0	 MePg	RE22
998	0	0	0.4	0.3	0	0	14	12	0	 BbS	RE24
1011	0.8	55	80.2	80.2	84	85.7	27	12	0	 E	RE24
1012	0	0	0	0	0	0	28	12	1011	 EBb	RE24
1013	0	0	0	0	0	0	29	12	1011	 EPe	RE24
1015	0	3.2	4	8	5.6	5.3	31	12	0	 EPg	RE24
1016	0	0	0	0	0	0	32	12	1032	 ES	RE24
1018	0	8.1	8.1	8.1	8.1	8.1	34	12	0	 EMe	RE24
1020	0	0	0	1.5	0.2	0	36	12	0	 Pg	RE24
1023	99.2	25	0.4	0.4	0.4	0.4	39	12	0	 PgE	RE24
1027	0	0	0	0	0	0	43	12	1018	 PgMe	RE24
1029	0	0.9	0	0	0	0	45	12	0	 S	RE24
1032	0	2.8	1.9	0	0	0	48	12	0	 SE	RE24
1047	0	0	0	0	0	0	63	12	1050	 Me	RE24
1050	0	5	5	1.5	1.7	0.5	66	12	0	 MeE	RE24
1075	0	0	0	0.2	0.5	0	9	13	0	 Bb	RE25
1077	0	8.1	7.3	6.1	6.1	4.8	11	13	0	 BbPe	RE25
1078	0	5.6	11.5	11.5	12	12	12	13	0	 BbE	RE25
1079	0	0	0.8	0.7	0.7	0	13	13	0	 BbPg	RE25
1080	0	3.2	4.2	3.5	0.4	0	14	13	0	 BbS	RE25
1085	0	2.5	7.6	7	5.6	3.4	19	13	0	 PeBb	RE25
1087	0	0.4	0.4	0.9	0.6	0.6	21	13	0	 PeE	RE25
1088	0	0	0	0	0	0	22	13	1104	 PePg	RE25
1093	0	4.4	10.1	10.1	10.1	35.8	27	13	0	 E	RE25
1094	0	9.2	30	26.5	26.5	12.7	28	13	0	 EBb	RE25
1095	1.2	2.6	5	5	9.1	16.2	29	13	0	 EPe	RE25
1097	0	0	0	2.8	1.7	0	31	13	0	 EPg	RE25
1098	0	4	6.5	6.5	11.2	2	32	13	0	 ES	RE25
1102	0	0	0.4	1.2	0.1	0	36	13	0	 Pg	RE25
1103	0	1	1.1	8.3	3.8	3.4	37	13	0	 PgBb	RE25
1104	0	0	0.3	3.1	3.2	1.8	38	13	0	 PgPe	RE25
1105	93	48.1	1.2	0.4	0.4	0	39	13	0	 PgE	RE25
1111	5.8	3.2	0	0	0	0	45	13	0	 S	RE25
1112	0	6.8	12	4.6	4.6	0	46	13	0	 SBb	RE25
1113	0	0.6	1.3	1.3	2.9	5.5	47	13	0	 SPe	RE25
1114	0	0.3	0.3	0.3	0.5	1.8	48	13	0	 SE	RE25
1115	0	0	0	0	0	0	49	13	1111	 SPg	RE25
1157	0	0.1	0.5	0.7	0	0	9	14	0	 Bb	RS20
1159	0.9	6.2	6.5	7	1.5	1.5	11	14	0	 BbPe	RS20
1160	0	2	5.5	5.5	5.5	11.3	12	14	0	 BbE	RS20
1161	0	0	0	0	0	0	13	14	1185	 BbPg	RS20
1162	0	1.5	2.8	2.1	1.7	0	14	14	0	 BbS	RS20
1166	0	0	0	1	1	0	18	14	0	 Pe	RS20
1167	2.3	6	6	6	6	1.6	19	14	0	 PeBb	RS20
1169	0.7	0.8	1	2.1	4	0	21	14	0	 PeE	RS20
1170	1	1	1	1	4	0	22	14	0	 PePg	RS20
1171	0	0.4	0.4	0.4	1	0	23	14	0	 PeS	RS20
1175	0	2	7.5	8	8	31	27	14	0	 E	RS20
1176	0	11.5	12.5	14	11.7	2.6	28	14	0	 EBb	RS20
1177	1.6	5.5	6	8.9	7	4	29	14	0	 EPe	RS20
1179	0	0.3	1	1.6	1.6	2.8	31	14	0	 EPg	RS20
1180	0	20	20	20	20	35	32	14	0	 ES	RS20
1182	0	0	0	0	0	0	34	14	1175	 EMe	RS20
1184	3	0.7	0.6	0.6	0.4	0	36	14	0	 Pg	RS20
1185	0.3	2	2.7	2.7	13	2.6	37	14	0	 PgBb	RS20
1186	7.7	7.7	7.7	7.7	6	0	38	14	0	 PgPe	RS20
1187	77	8.7	3	2	2	2	39	14	0	 PgE	RS20
1193	5.5	0.5	0	0	0	0	45	14	0	 S	RS20
1194	0	8.6	6	5.6	4.6	4.6	46	14	0	 SBb	RS20
1195	0	11	4	1	1	1	47	14	0	 SPe	RS20
1196	0	3.5	5.3	2.1	0	0	48	14	0	 SE	RS20
1239	0	0	0.3	0.5	0	0	9	15	0	 Bb	RS21
1241	0.3	6.5	6.5	7	10	6.1	11	15	0	 BbPe	RS21
1242	0	1.1	9.6	8	5	3	12	15	0	 BbE	RS21
1243	0	0	0.2	1.2	1.2	0	13	15	0	 BbPg	RS21
1244	0	2	5.7	2.3	2.3	0	14	15	0	 BbS	RS21
1248	0	0	0	0.2	0	0	18	15	0	 Pe	RS21
1249	1.4	7.2	8.4	12.8	8.4	6.2	19	15	0	 PeBb	RS21
1251	0.7	0.7	4.2	4	3	2.7	21	15	0	 PeE	RS21
1252	0.4	0.4	0.4	1	0.7	0.7	22	15	0	 PePg	RS21
1253	0.1	0.3	0.3	0.3	0.6	0	23	15	0	 PeS	RS21
1257	0	2.4	14	14	17	41.5	27	15	0	 E	RS21
1258	0	7	14.2	14	12.8	10.5	28	15	0	 EBb	RS21
1259	5	5	5	5	5	13.1	29	15	0	 EPe	RS21
1261	0	0.5	1	3	3	0.4	31	15	0	 EPg	RS21
1262	0	16	13.2	6.5	6.5	4.6	32	15	0	 ES	RS21
1266	2.7	0.5	0.5	0.5	0.5	0	36	15	0	 Pg	RS21
1267	0.2	0.2	0.8	4.6	6.9	1.9	37	15	0	 PgBb	RS21
1268	1.2	1.6	2	4	6.9	3.1	38	15	0	 PgPe	RS21
1269	81.8	32.3	1.6	1.6	1.6	1.6	39	15	0	 PgE	RS21
1275	5.5	1.7	0	0	0	0	45	15	0	 S	RS21
1276	0	8.5	7.3	6.5	5.6	1.6	46	15	0	 SBb	RS21
1277	0	4.2	4.2	2.7	2.7	2.7	47	15	0	 SPe	RS21
1278	0.7	1.9	0.6	0.3	0.3	0.3	48	15	0	 SE	RS21
1321	0	0	0	0	0	0	9	16	1324	 Bb	RS22
1323	0	2.2	2.8	2.8	6	1.7	11	16	0	 BbPe	RS22
1324	0	5	8	9.8	8.3	8.3	12	16	0	 BbE	RS22
1325	0	0	0	0	0	0	13	16	1349	 BbPg	RS22
1326	0	6.3	7	3.3	2.5	0.7	14	16	0	 BbS	RS22
1330	0	0	0	0	0	0	18	16	1331	 Pe	RS22
1331	0	2.3	2.3	4	1.7	1.7	19	16	0	 PeBb	RS22
1333	0	0	0.2	2.7	0	0	21	16	0	 PeE	RS22
1334	0	0	0	0	0	0	22	16	1350	 PePg	RS22
1335	0	0	0	0	0	0	23	16	1359	 PeS	RS22
1339	0	8.7	13	16.5	33	49.5	27	16	0	 E	RS22
1340	0	17.5	17.5	15.8	12	8.2	28	16	0	 EBb	RS22
1341	0	2.1	2.1	6	8	8.2	29	16	0	 EPe	RS22
1343	0	0.5	0.5	0.5	1.6	1	31	16	0	 EPg	RS22
1344	0	20.6	29.2	22	14	13	32	16	0	 ES	RS22
1346	0	0.2	0.2	0.2	1.3	1.3	34	16	0	 EMe	RS22
1347	0	0.1	0.1	0.3	0.4	0.2	35	16	0	 EC	RS22
1348	0.3	0.3	0.3	0.3	0.3	0	36	16	0	 Pg	RS22
1349	0	0	0	0.8	2.7	0	37	16	0	 PgBb	RS22
1350	0.1	0.1	0.1	1.2	1.2	0	38	16	0	 PgPe	RS22
1351	83	20.8	0.9	0.9	0.9	0	39	16	0	 PgE	RS22
1357	16.6	3.8	0.2	0.2	0	0	45	16	0	 S	RS22
1358	0	5.2	11	8.8	3.1	0.8	46	16	0	 SBb	RS22
1359	0	2.1	2.1	2.1	2.1	2.9	47	16	0	 SPe	RS22
1360	0	1.9	2.2	1.5	0.6	0.6	48	16	0	 SE	RS22
1361	0	0	0	0	0	0	49	16	1357	 SPg	RS22
1365	0	0	0	0	0	0	53	16	1389	 SC	RS22
1375	0	0	0	0	0	0	63	16	1346	 Me	RS22
1378	0	0	0	0	0	0	66	16	1346	 MeE	RS22
1385	0	0	0	0	0	0	73	16	1389	 CBb	RS22
1387	0	0	0	0	0	0	75	16	1389	 CE	RS22
1389	0	0.3	0.3	0.3	0.3	1.9	77	16	0	 CS	RS22
1403	0	0	0	0	0	0	9	17	1405	 Bb	RS25
1405	0	14.2	14.2	14.2	14.2	15	11	17	0	 BbPe	RS25
1406	0	0	8.5	9.5	10.6	35	12	17	0	 BbE	RS25
1407	0	0	0	3.8	0	0	13	17	0	 BbPg	RS25
1408	0	3.5	6.8	6.8	1.6	0	14	17	0	 BbS	RS25
1412	0	0	0	0	0	0	18	17	1413	 Pe	RS25
1413	1.4	13	20	21	22	12.6	19	17	0	 PeBb	RS25
1415	0	1	7.9	11	9.4	0	21	17	0	 PeE	RS25
1416	0	0	0	0	0	0	22	17	1432	 PePg	RS25
1417	0	2	1.3	1	1	1	23	17	0	 PeS	RS25
1421	0	2	2	2	3	3	27	17	0	 E	RS25
1422	0	12	12	12	12	17.4	28	17	0	 EBb	RS25
1423	0	1.5	8.2	8.2	9.2	10	29	17	0	 EPe	RS25
1425	0	0	0	0	0	0	31	17	1432	 EPg	RS25
1426	0	15	1.7	0	0	0	32	17	0	 ES	RS25
1430	0	0	0	0	0	0	36	17	1431	 Pg	RS25
1431	0	3.6	3.6	3.6	3.6	0	37	17	0	 PgBb	RS25
1432	0	2.4	2.4	2.4	7.2	0	38	17	0	 PgPe	RS25
1433	91.3	29	0.1	0.1	0.1	0	39	17	0	 PgE	RS25
1439	7.3	0.8	0	0	0	0	45	17	0	 S	RS25
1440	0	0	11.3	3.6	3.6	0	46	17	0	 SBb	RS25
1441	0	0	0	0.8	2.5	6	47	17	0	 SPe	RS25
1442	0	0	0	0	0	0	48	17	1426	 SE	RS25
1548	0	0	100	0	0	0	72	18	0	 CC	RS2A
1553	0	0	0	100	0	0	77	18	0	 CS	RS2A
1569	0	0	12	0	0	0	11	19	0	 BbPe	RC38
1571	0	8.4	8.4	20	20	37.4	13	19	0	 BbPg	RC38
1580	0	21.6	21.6	21.6	21.6	21.6	22	19	0	 PePg	RC38
1589	0	0	0	14.7	19	0	31	19	0	 EPg	RC38
1594	0	0	0	14.7	28.4	0	36	19	0	 Pg	RC38
1595	0	40	53	24	6.2	6.2	37	19	0	 PgBb	RC38
1596	0	0	0	0	0	30	38	19	0	 PgPe	RC38
1597	100	30	5	5	4.8	4.8	39	19	0	 PgE	RC38
1602	0	0	0	0	0	0	44	19	1594	 PgMe	RC38
