Run	Year	Zone	class1	class2	class3	class4	class5	class6	class7	class8	class9	class10	class11	class12	class13	class14	class15	class16	VolHarvested	AreaHarvested	AreaAccessed	MeanVolPerHa	PercentOfTarget	MeanHarvestAge	KmPerM3Hauled	areaBurned
1	0	rSQ	46472.750000	68443.000000	62560.000000	68276.250000	42084.750000	0	9887.500000	0	0	0	0	0	0	0	0	0	0	0	0	0	0	0	0	0
1	0	rIM	6481.750000	7519.500000	11522.000000	15710.500000	4093.500000	0	769.250000	0	0	0	0	0	0	0	0	0	0	0	0	0	0	0	0	0
1	0	rPA	5616.750000	5589.500000	11606.250000	15167.250000	5608.250000	0	3085.750000	0	0	0	0	0	0	0	0	0	0	0	0	0	0	0	0	0
1	5	rSQ	46472.750000	68443.000000	62560.000000	68276.250000	42084.750000	0	9887.500000	0	0	0	0	0	0	0	0	0	0	0	0	0	0	0	0	137571.750000
1	5	rIM	6481.750000	7519.500000	11522.000000	15710.500000	4093.500000	0	769.250000	0	0	0	0	0	0	0	0	0	0	0	0	0	0	0	0	15694.250000
1	5	rPA	5616.750000	5589.500000	11606.250000	15167.250000	5608.250000	0	3085.750000	0	0	0	0	0	0	0	0	0	0	0	0	0	0	0	0	16966.000000
1	10	rSQ	33615.000000	52107.750000	71649.250000	49853.750000	61230.000000	19381.000000	9887.500000	0	0	0	0	0	0	0	0	0	0	0	0	0	0	0	0	95338.750000
1	10	rIM	2438.250000	6892.750000	12094.250000	11562.500000	9857.750000	2481.750000	769.250000	0	0	0	0	0	0	0	0	0	0	0	0	0	0	0	0	9229.250000
1	10	rPA	3935.000000	4294.000000	8585.500000	11305.750000	12644.500000	2823.250000	3085.750000	0	0	0	0	0	0	0	0	0	0	0	0	0	0	0	0	13647.250000
1	15	rSQ	19221.000000	46250.000000	73056.500000	54389.500000	63300.000000	31619.750000	9887.500000	0	0	0	0	0	0	0	0	0	0	0	0	0	0	0	0	106852.000000
1	15	rIM	499.000000	6719.750000	9442.750000	10768.500000	14329.000000	3568.250000	769.250000	0	0	0	0	0	0	0	0	0	0	0	0	0	0	0	0	4733.750000
1	15	rPA	2821.500000	4642.250000	6808.250000	12075.750000	13342.750000	3897.500000	3085.750000	0	0	0	0	0	0	0	0	0	0	0	0	0	0	0	0	18040.250000
1	20	rSQ	9642.500000	46038.750000	68008.750000	58529.500000	68146.500000	37470.750000	6770.500000	3117.000000	0	0	0	0	0	0	0	0	0	0	0	0	0	0	0	81267.750000
1	20	rIM	81.750000	6504.000000	8349.750000	11344.750000	15071.250000	3975.750000	236.750000	532.500000	0	0	0	0	0	0	0	0	0	0	0	0	0	0	0	13160.250000
1	20	rPA	1147.250000	5259.000000	5911.250000	11523.250000	14904.250000	4843.000000	2103.250000	982.500000	0	0	0	0	0	0	0	0	0	0	0	0	0	0	0	11751.750000
1	25	rSQ	6172.750000	45561.750000	67920.500000	60593.000000	68089.250000	39499.500000	4497.750000	5389.750000	0	0	0	0	0	0	0	0	0	0	0	0	0	0	0	128467.500000
1	25	rIM	50.000000	6493.250000	8012.250000	11392.000000	15357.500000	4022.250000	122.500000	646.750000	0	0	0	0	0	0	0	0	0	0	0	0	0	0	0	16642.500000
1	25	rPA	772.750000	5391.250000	5780.250000	11531.750000	15025.000000	5087.000000	1471.750000	1614.000000	0	0	0	0	0	0	0	0	0	0	0	0	0	0	0	17788.000000
1	30	rSQ	2419.750000	42251.750000	61723.250000	63675.000000	60055.750000	48963.750000	11495.000000	7140.000000	0	0	0	0	0	0	0	0	0	0	0	0	0	0	0	77460.500000
1	30	rIM	9.750000	3983.000000	8922.250000	10826.500000	12846.250000	8069.250000	760.500000	679.000000	0	0	0	0	0	0	0	0	0	0	0	0	0	0	0	15676.250000
1	30	rPA	402.000000	4932.500000	4692.000000	10211.000000	13569.000000	8375.000000	2378.500000	2113.750000	0	0	0	0	0	0	0	0	0	0	0	0	0	0	0	11455.750000
1	35	rSQ	1422.250000	38771.500000	56000.500000	63803.250000	56440.000000	56150.500000	17107.000000	8029.250000	0	0	0	0	0	0	0	0	0	0	0	0	0	0	0	133122.250000
1	35	rIM	6.250000	2163.500000	9452.500000	9097.000000	12439.750000	10810.500000	1412.250000	714.750000	0	0	0	0	0	0	0	0	0	0	0	0	0	0	0	15549.000000
1	35	rPA	287.750000	4543.250000	4284.250000	8913.500000	13173.250000	10151.750000	2857.750000	2462.250000	0	0	0	0	0	0	0	0	0	0	0	0	0	0	0	20035.750000
1	40	rSQ	745.000000	31706.000000	46826.750000	67757.000000	55513.000000	60594.250000	25747.250000	7504.500000	1330.500000	0	0	0	0	0	0	0	0	0	0	0	0	0	0	57979.000000
1	40	rIM	0	999.500000	8591.250000	8738.250000	11541.250000	13037.500000	2430.750000	392.250000	365.750000	0	0	0	0	0	0	0	0	0	0	0	0	0	0	77.000000
1	40	rPA	203.250000	3915.250000	3957.750000	7992.750000	12040.250000	12296.000000	3606.000000	2204.000000	458.500000	0	0	0	0	0	0	0	0	0	0	0	0	0	0	12383.750000
1	45	rSQ	321.750000	24757.250000	43021.250000	68267.000000	58007.000000	63226.500000	30895.250000	5890.250000	3338.000000	0	0	0	0	0	0	0	0	0	0	0	0	0	0	92193.250000
1	45	rIM	0	276.000000	7599.000000	8374.250000	11161.500000	14640.000000	3278.500000	207.250000	560.000000	0	0	0	0	0	0	0	0	0	0	0	0	0	0	3420.750000
1	45	rPA	114.750000	3331.750000	4091.250000	7255.750000	11268.750000	13949.500000	3916.250000	1594.500000	1151.250000	0	0	0	0	0	0	0	0	0	0	0	0	0	0	15367.000000
1	50	rSQ	21.250000	14420.250000	41163.250000	66189.250000	59259.500000	59238.750000	43472.250000	9242.250000	4717.500000	0	0	0	0	0	0	0	0	0	0	0	0	0	0	32583.000000
1	50	rIM	0	87.000000	5026.250000	8875.000000	10657.000000	13532.250000	6715.250000	577.750000	626.000000	0	0	0	0	0	0	0	0	0	0	0	0	0	0	3514.000000
1	50	rPA	18.000000	2258.000000	4339.750000	5757.000000	10110.500000	13689.000000	6914.250000	2030.250000	1557.000000	0	0	0	0	0	0	0	0	0	0	0	0	0	0	4110.500000
1	55	rSQ	0	6172.000000	38808.750000	60109.250000	61889.000000	57771.250000	52006.000000	14470.250000	6497.750000	0	0	0	0	0	0	0	0	0	0	0	0	0	0	0
1	55	rIM	0	17.750000	2522.500000	9306.250000	9315.500000	12700.250000	10122.250000	1420.500000	691.500000	0	0	0	0	0	0	0	0	0	0	0	0	0	0	0
1	55	rPA	0	1189.250000	4357.750000	4812.250000	9266.000000	13406.250000	9097.750000	2558.500000	1986.000000	0	0	0	0	0	0	0	0	0	0	0	0	0	0	0
1	60	rSQ	0	4246.000000	35809.000000	54668.000000	63336.500000	57836.750000	55649.750000	18815.750000	6540.250000	822.250000	0	0	0	0	0	0	0	0	0	0	0	0	0	134285.000000
1	60	rIM	0	7.250000	1386.250000	9308.000000	8700.250000	11527.000000	12472.250000	1972.250000	396.000000	327.250000	0	0	0	0	0	0	0	0	0	0	0	0	0	13115.250000
1	60	rPA	0	861.000000	4107.750000	4267.250000	8373.000000	12522.250000	11093.750000	3237.000000	1894.500000	317.250000	0	0	0	0	0	0	0	0	0	0	0	0	0	13985.500000
1	65	rSQ	0	2670.000000	32271.000000	48341.000000	65943.750000	57199.250000	60097.000000	23124.500000	6101.250000	1976.500000	0	0	0	0	0	0	0	0	0	0	0	0	0	119597.500000
1	65	rIM	0	0.500000	647.500000	8500.250000	8494.500000	11020.500000	14021.250000	2663.750000	273.000000	475.250000	0	0	0	0	0	0	0	0	0	0	0	0	0	4080.250000
1	65	rPA	0	551.500000	3848.250000	4044.500000	8028.750000	11757.500000	12598.000000	3426.500000	1658.500000	760.250000	0	0	0	0	0	0	0	0	0	0	0	0	0	21627.500000
1	70	rSQ	0	1846.250000	28558.250000	44144.000000	63938.250000	57064.000000	58585.750000	32598.750000	8052.000000	2937.000000	0	0	0	0	0	0	0	0	0	0	0	0	0	132980.000000
1	70	rIM	0	0.500000	434.250000	6368.500000	9060.750000	10620.500000	12978.500000	5668.750000	394.000000	570.750000	0	0	0	0	0	0	0	0	0	0	0	0	0	19384.750000
1	70	rPA	0	407.750000	3619.750000	3791.500000	6934.500000	10970.750000	12759.750000	5339.500000	1689.750000	1160.500000	0	0	0	0	0	0	0	0	0	0	0	0	0	17862.750000
1	75	rSQ	0	1125.000000	24513.750000	40380.250000	61736.500000	57797.750000	59573.250000	38984.500000	9685.000000	3928.250000	0	0	0	0	0	0	0	0	0	0	0	0	0	124287.000000
1	75	rIM	0	0	152.000000	3969.250000	9635.000000	9027.250000	13264.750000	8591.500000	817.500000	639.250000	0	0	0	0	0	0	0	0	0	0	0	0	0	899.000000
1	75	rPA	0	266.000000	3307.750000	3684.250000	6063.250000	9782.250000	12982.750000	7164.750000	1995.750000	1427.000000	0	0	0	0	0	0	0	0	0	0	0	0	0	18877.750000
1	80	rSQ	0	604.500000	19545.250000	35754.000000	59147.250000	58965.000000	59690.250000	45923.000000	13144.500000	4426.250000	524.250000	0	0	0	0	0	0	0	0	0	0	0	0	63707.750000
1	80	rIM	0	0	100.500000	2566.500000	9805.250000	8528.000000	12454.250000	10472.500000	1494.750000	364.750000	310.000000	0	0	0	0	0	0	0	0	0	0	0	0	12077.000000
1	80	rPA	0	206.000000	2898.250000	3547.500000	5364.750000	8811.500000	13016.000000	8780.250000	2454.750000	1410.000000	184.750000	0	0	0	0	0	0	0	0	0	0	0	0	14487.250000
1	85	rSQ	0	344.000000	15355.500000	33887.000000	54433.250000	59544.500000	59934.250000	51453.000000	16877.000000	4498.000000	1397.750000	0	0	0	0	0	0	0	0	0	0	0	0	91369.250000
1	85	rIM	0	0	24.250000	1343.500000	9301.250000	8423.250000	11600.750000	12424.000000	2265.500000	291.000000	423.000000	0	0	0	0	0	0	0	0	0	0	0	0	159.750000
1	85	rPA	0	142.750000	2430.750000	3489.500000	4586.750000	8094.500000	12482.000000	10513.750000	3128.000000	1332.750000	473.000000	0	0	0	0	0	0	0	0	0	0	0	0	9898.750000
1	90	rSQ	0	66.750000	8596.250000	31872.000000	48298.000000	59619.750000	58832.750000	54845.750000	26545.000000	6608.750000	2439.250000	0	0	0	0	0	0	0	0	0	0	0	0	0
1	90	rIM	0	0	6.000000	671.000000	7190.750000	8686.000000	10623.750000	12972.000000	5020.750000	373.750000	552.500000	0	0	0	0	0	0	0	0	0	0	0	0	0
1	90	rPA	0	33.750000	1652.250000	3560.750000	4058.250000	7051.750000	11370.250000	11747.250000	4842.750000	1495.250000	861.500000	0	0	0	0	0	0	0	0	0	0	0	0	0
1	95	rSQ	0	47.500000	6705.000000	29521.500000	42318.500000	59202.000000	57971.000000	56715.250000	33409.500000	8315.750000	3518.250000	0	0	0	0	0	0	0	0	0	0	0	0	107037.500000
1	95	rIM	0	0	1.000000	316.750000	4764.500000	9329.500000	9040.250000	13342.750000	7923.500000	758.000000	620.250000	0	0	0	0	0	0	0	0	0	0	0	0	455.250000
1	95	rPA	0	23.000000	1276.250000	3413.500000	3724.250000	6133.750000	10283.000000	12353.250000	6458.000000	1765.500000	1243.250000	0	0	0	0	0	0	0	0	0	0	0	0	10188.000000
1	100	rSQ	0	31.500000	4502.500000	27018.750000	39218.500000	58054.500000	56395.000000	58771.750000	38975.750000	10508.500000	3742.000000	505.500000	0	0	0	0	0	0	0	0	0	0	0	114717.500000
1	100	rIM	0	0	0.750000	215.750000	3690.750000	9507.500000	8651.250000	13143.750000	9103.250000	1141.500000	337.500000	304.500000	0	0	0	0	0	0	0	0	0	0	0	22988.000000
1	100	rPA	0	16.500000	1002.000000	3164.250000	3572.000000	5444.750000	9185.500000	12456.000000	8206.250000	2125.750000	1332.250000	168.500000	0	0	0	0	0	0	0	0	0	0	0	12838.500000
1	105	rSQ	0	5.000000	2198.250000	22535.000000	34728.750000	57999.250000	58061.750000	58555.500000	44820.750000	13749.250000	3800.500000	1270.250000	0	0	0	0	0	0	0	0	0	0	0	56748.500000
1	105	rIM	0	0	0	74.500000	1988.000000	9601.500000	8429.750000	12099.000000	11395.750000	1818.500000	286.000000	403.500000	0	0	0	0	0	0	0	0	0	0	0	411.250000
1	105	rPA	0	10.250000	722.250000	2822.250000	3466.250000	4857.000000	8417.250000	12564.500000	9522.000000	2616.250000	1245.500000	430.250000	0	0	0	0	0	0	0	0	0	0	0	11970.250000
1	110	rSQ	0	0.500000	746.500000	16271.750000	31967.750000	53216.500000	58767.500000	58241.250000	48223.250000	22551.000000	5606.250000	2132.000000	0	0	0	0	0	0	0	0	0	0	0	0
1	110	rIM	0	0	0	18.000000	1048.250000	7941.250000	8504.750000	10929.000000	12614.000000	4158.500000	360.250000	522.500000	0	0	0	0	0	0	0	0	0	0	0	0
1	110	rPA	0	1.500000	353.500000	2369.500000	3384.250000	4364.000000	7191.750000	11980.500000	10534.500000	4321.750000	1412.000000	760.500000	0	0	0	0	0	0	0	0	0	0	0	0
1	115	rSQ	0	0	450.000000	13312.750000	30882.250000	48713.250000	58598.000000	58220.500000	49667.750000	28115.500000	6957.750000	2806.500000	0	0	0	0	0	0	0	0	0	0	0	138126.750000
1	115	rIM	0	0	0	13.500000	821.500000	6550.500000	8741.250000	9558.750000	13548.500000	5751.750000	551.750000	559.000000	0	0	0	0	0	0	0	0	0	0	0	17519.750000
1	115	rPA	0	1.000000	246.250000	2105.750000	3294.750000	4097.250000	6565.250000	11100.750000	10972.500000	5644.500000	1599.000000	1046.750000	0	0	0	0	0	0	0	0	0	0	0	19193.000000
1	120	rSQ	0	0	301.750000	10848.500000	29828.250000	44329.750000	58994.750000	57849.500000	51187.250000	32596.250000	8431.000000	2981.000000	376.250000	0	0	0	0	0	0	0	0	0	0	151681.750000
1	120	rIM	0	0	0	9.500000	637.750000	5773.750000	8839.000000	9144.750000	13695.500000	6666.500000	737.000000	330.750000	262.000000	0	0	0	0	0	0	0	0	0	0	26148.250000
1	120	rPA	0	0.500000	174.250000	1888.500000	3257.500000	3938.750000	5893.250000	9958.750000	11729.750000	6860.000000	1771.250000	1041.250000	160.000000	0	0	0	0	0	0	0	0	0	0	21501.500000
1	125	rSQ	0	0	98.750000	6840.250000	27344.500000	39178.750000	57403.750000	58079.750000	55404.000000	38349.250000	10810.250000	3294.500000	920.500000	0	0	0	0	0	0	0	0	0	0	29818.000000
1	125	rIM	0	0	0	1.750000	315.250000	3806.000000	9293.250000	8630.500000	13000.250000	9173.500000	1222.250000	342.250000	311.500000	0	0	0	0	0	0	0	0	0	0	162.250000
1	125	rPA	0	0.250000	58.000000	1320.000000	3136.500000	3642.000000	5270.250000	8963.750000	12367.500000	8286.750000	2153.500000	1115.250000	360.000000	0	0	0	0	0	0	0	0	0	0	1146.500000
1	130	rSQ	0	0	56.500000	4976.750000	24885.000000	36707.000000	53711.000000	57663.250000	57251.500000	39685.750000	16658.500000	4773.500000	1355.500000	0	0	0	0	0	0	0	0	0	0	106658.250000
1	130	rIM	0	0	0	1.500000	194.250000	2982.000000	8487.500000	8555.750000	12292.250000	9819.750000	2944.500000	459.250000	359.750000	0	0	0	0	0	0	0	0	0	0	20421.000000
1	130	rPA	0	0	19.500000	994.250000	2908.500000	3441.500000	4902.250000	7913.000000	12107.000000	8957.000000	3481.000000	1397.250000	552.500000	0	0	0	0	0	0	0	0	0	0	10688.250000
1	135	rSQ	0	0	7.250000	2271.000000	20284.000000	33839.500000	52391.250000	56433.500000	57607.750000	44117.750000	22742.000000	5980.250000	2050.000000	0	0	0	0	0	0	0	0	0	0	37627.500000
1	135	rIM	0	0	0	0.250000	91.000000	1813.500000	8229.750000	8274.750000	10132.750000	12552.500000	4048.750000	514.500000	438.750000	0	0	0	0	0	0	0	0	0	0	6957.750000
1	135	rPA	0	0	4.250000	533.750000	2607.000000	3268.000000	4561.250000	6859.000000	11266.750000	10269.500000	4854.750000	1649.500000	800.000000	0	0	0	0	0	0	0	0	0	0	2656.500000
1	140	rSQ	0	0	5.000000	1530.500000	17601.750000	32439.000000	48902.000000	56448.250000	57699.000000	46251.250000	27000.750000	7100.000000	2405.000000	341.750000	0	0	0	0	0	0	0	0	0	135862.000000
1	140	rIM	0	0	0	0	57.750000	1120.000000	7125.250000	8675.500000	9592.750000	13057.000000	5275.000000	684.250000	248.000000	261.000000	0	0	0	0	0	0	0	0	0	9798.250000
1	140	rPA	0	0	3.000000	385.000000	2463.250000	3185.750000	4296.500000	6137.000000	10261.000000	11070.250000	6103.000000	1777.500000	833.750000	157.750000	0	0	0	0	0	0	0	0	0	18057.500000
1	145	rSQ	0	0	3.250000	1110.250000	15127.500000	30461.750000	46142.750000	55998.000000	57209.000000	49373.250000	30839.500000	8277.500000	2483.250000	698.250000	0	0	0	0	0	0	0	0	0	137738.500000
1	145	rIM	0	0	0	0	42.250000	898.250000	6354.250000	8838.250000	9248.500000	13191.250000	6114.750000	851.750000	258.000000	299.250000	0	0	0	0	0	0	0	0	0	27318.000000
1	145	rPA	0	0	1.000000	241.000000	2240.000000	3064.250000	4137.500000	5684.000000	9383.250000	11686.750000	7077.500000	1982.250000	831.500000	344.750000	0	0	0	0	0	0	0	0	0	17197.250000
1	150	rSQ	0	0	1.500000	671.500000	12435.250000	29131.750000	41670.000000	55006.000000	56201.750000	51718.250000	33199.250000	12847.500000	3711.000000	1130.500000	0	0	0	0	0	0	0	0	0	100706.500000
1	150	rIM	0	0	0	0	18.500000	464.750000	4583.000000	8816.250000	8642.500000	12780.250000	8048.000000	2079.250000	322.000000	342.000000	0	0	0	0	0	0	0	0	0	106.750000
1	150	rPA	0	0	0.250000	91.000000	1768.000000	3098.500000	3723.000000	5372.250000	8381.500000	11609.750000	7731.000000	3241.250000	1150.000000	507.250000	0	0	0	0	0	0	0	0	0	7725.000000
1	155	rSQ	0	0	0	242.500000	7977.750000	27098.000000	38900.000000	54713.250000	55596.250000	53380.500000	36159.500000	17373.500000	4653.750000	1629.250000	0	0	0	0	0	0	0	0	0	74786.500000
1	155	rIM	0	0	0	0	8.500000	287.250000	3338.000000	8403.500000	8603.000000	11598.000000	9611.500000	3386.250000	450.500000	410.000000	0	0	0	0	0	0	0	0	0	11951.750000
1	155	rPA	0	0	0	37.500000	1250.750000	3024.750000	3376.750000	5157.250000	7870.250000	11211.250000	8354.500000	4267.750000	1440.500000	682.500000	0	0	0	0	0	0	0	0	0	12090.500000
1	160	rSQ	0	0	0	58.250000	4233.750000	23409.500000	34909.500000	52207.000000	55578.250000	55559.000000	40441.500000	23143.500000	5951.000000	1969.500000	263.500000	0	0	0	0	0	0	0	0	0
1	160	rIM	0	0	0	0	1.000000	133.250000	2027.750000	7801.250000	8624.000000	10394.500000	11642.750000	4412.000000	582.500000	333.000000	144.500000	0	0	0	0	0	0	0	0	0
1	160	rPA	0	0	0	9.500000	701.500000	2860.000000	3094.500000	4730.500000	6959.000000	10615.750000	9688.250000	5455.250000	1673.500000	758.000000	128.000000	0	0	0	0	0	0	0	0	0
1	165	rSQ	0	0	0	8.000000	1944.250000	18436.750000	32020.000000	48372.500000	55812.500000	56533.250000	45549.500000	28642.500000	7503.750000	2213.750000	687.500000	0	0	0	0	0	0	0	0	0
1	165	rIM	0	0	0	0	0	56.000000	1130.500000	6625.250000	8814.000000	9632.250000	12714.750000	5756.000000	817.250000	251.250000	299.250000	0	0	0	0	0	0	0	0	0
1	165	rPA	0	0	0	1.250000	335.500000	2460.000000	2990.250000	4321.750000	6156.500000	9878.500000	10895.000000	6517.500000	1982.750000	807.750000	327.000000	0	0	0	0	0	0	0	0	0
1	170	rSQ	0	0	0	4.250000	1228.250000	14914.500000	29593.000000	43428.000000	56049.000000	55885.500000	48745.500000	31349.250000	12006.000000	3410.500000	1110.500000	0	0	0	0	0	0	0	0	56974.750000
1	170	rIM	0	0	0	0	0	26.000000	599.250000	4976.750000	8735.000000	8884.000000	12834.250000	7333.500000	2051.000000	314.750000	342.000000	0	0	0	0	0	0	0	0	0
1	170	rPA	0	0	0	0.750000	257.750000	2222.250000	2823.000000	3957.500000	5810.500000	9065.000000	11106.750000	6879.000000	2970.250000	1112.500000	468.500000	0	0	0	0	0	0	0	0	14874.500000
1	175	rSQ	0	0	0	2.250000	904.750000	12469.500000	28218.250000	39377.000000	54465.750000	56200.000000	49982.000000	34299.500000	15895.750000	4464.250000	1445.250000	0	0	0	0	0	0	0	0	115126.500000
1	175	rIM	0	0	0	0	0	17.500000	461.750000	4052.250000	8454.250000	8877.500000	11747.500000	8663.250000	3023.750000	421.500000	377.250000	0	0	0	0	0	0	0	0	22633.500000
1	175	rPA	0	0	0	0.500000	176.500000	1976.750000	2867.500000	3648.000000	5396.500000	8335.500000	10744.250000	7648.750000	3909.000000	1369.000000	601.500000	0	0	0	0	0	0	0	0	19127.250000
1	180	rSQ	0	0	0	0.500000	319.500000	7899.250000	25826.000000	35805.750000	52607.000000	55940.250000	53053.500000	37989.000000	20761.000000	5555.750000	1774.750000	192.000000	0	0	0	0	0	0	0	20585.750000
1	180	rIM	0	0	0	0	0	7.000000	324.500000	3333.500000	7997.000000	8781.500000	11435.750000	9621.250000	3648.500000	524.250000	310.250000	113.000000	0	0	0	0	0	0	0	21301.750000
1	180	rPA	0	0	0	0	60.500000	1388.000000	2895.000000	3288.500000	5061.250000	7652.750000	10604.750000	8341.500000	5043.500000	1567.500000	671.000000	99.500000	0	0	0	0	0	0	0	5801.500000
1	185	rSQ	0	0	0	0.250000	179.750000	5866.250000	23621.500000	32970.000000	49693.250000	55270.500000	53625.250000	41501.750000	25651.500000	6791.000000	1951.500000	601.750000	0	0	0	0	0	0	0	80074.250000
1	185	rIM	0	0	0	0	0	1.250000	144.500000	2160.000000	7283.500000	8788.500000	10519.000000	11359.500000	4689.500000	660.000000	252.500000	238.250000	0	0	0	0	0	0	0	163.500000
1	185	rPA	0	0	0	0	44.000000	1179.250000	2779.500000	3064.000000	4661.250000	7038.750000	10077.500000	9236.250000	5907.750000	1690.250000	752.250000	243.000000	0	0	0	0	0	0	0	14750.250000
1	190	rSQ	0	0	0	0.250000	123.750000	4590.000000	22077.000000	32084.500000	47242.750000	54671.500000	54180.750000	42958.000000	26553.500000	9560.000000	2809.250000	873.000000	0	0	0	0	0	0	0	172144.500000
1	190	rIM	0	0	0	0	0	0.750000	94.500000	1605.000000	6726.000000	8664.500000	9600.750000	12335.000000	5468.500000	1038.250000	284.000000	279.250000	0	0	0	0	0	0	0	20578.750000
1	190	rPA	0	0	0	0	35.000000	1016.500000	2714.250000	2997.000000	4488.250000	6763.000000	9403.250000	9744.250000	5858.250000	2331.000000	963.500000	359.500000	0	0	0	0	0	0	0	27688.250000
1	195	rSQ	0	0	0	0	69.500000	3152.000000	19474.750000	31382.750000	44619.750000	53411.250000	53795.750000	45068.750000	29189.750000	12697.500000	3619.250000	1243.250000	0	0	0	0	0	0	0	118265.000000
1	195	rIM	0	0	0	0	0	0.750000	74.500000	1289.000000	6157.000000	8362.250000	9227.000000	12138.500000	6371.000000	1797.750000	334.750000	344.000000	0	0	0	0	0	0	0	23771.250000
1	195	rPA	0	0	0	0	12.750000	679.000000	2560.500000	2868.500000	4210.250000	6206.000000	8759.250000	9849.250000	6692.250000	3181.250000	1147.000000	507.750000	0	0	0	0	0	0	0	11557.000000
1	200	rSQ	0	0	0	0	16.000000	1491.750000	14582.750000	29447.000000	40469.000000	52658.500000	53667.750000	48616.250000	33497.000000	16904.750000	4666.250000	1707.250000	0	0	0	0	0	0	0	473.750000
1	200	rIM	0	0	0	0	0	0	32.500000	692.750000	4787.000000	8240.750000	8742.500000	11641.750000	8325.250000	2805.500000	433.750000	394.750000	0	0	0	0	0	0	0	207.500000
1	200	rPA	0	0	0	0	2.500000	342.750000	2195.750000	2817.000000	3773.000000	5700.000000	8033.250000	9950.500000	7778.750000	4071.250000	1349.000000	660.000000	0	0	0	0	0	0	0	933.750000
1	205	rSQ	0	0	0	0	11.000000	1171.000000	12592.250000	28298.750000	38063.750000	51124.500000	53816.500000	49412.750000	35211.000000	20288.500000	5638.250000	2096.000000	0	0	0	0	0	0	0	149310.500000
1	205	rIM	0	0	0	0	0	0	21.500000	512.500000	4198.250000	7951.250000	8688.000000	11110.750000	9198.750000	3452.500000	523.750000	439.250000	0	0	0	0	0	0	0	24654.000000
1	205	rPA	0	0	0	0	2.000000	274.750000	2017.250000	2752.500000	3507.000000	5408.500000	7656.250000	9707.000000	8254.750000	4792.750000	1506.000000	795.000000	0	0	0	0	0	0	0	21372.250000
1	210	rSQ	0	0	0	0	2.750000	577.500000	9119.000000	27174.750000	36104.250000	48217.500000	53132.750000	51087.750000	37961.250000	22742.250000	8369.000000	3235.500000	0	0	0	0	0	0	0	75354.500000
1	210	rIM	0	0	0	0	0	0	16.250000	368.750000	3514.000000	7604.750000	8676.250000	10508.500000	10023.250000	4061.250000	814.500000	509.000000	0	0	0	0	0	0	0	20379.000000
1	210	rPA	0	0	0	0	0	108.750000	1521.000000	2807.750000	3194.000000	4979.250000	7168.250000	9446.000000	8847.250000	5219.750000	2278.500000	1103.250000	0	0	0	0	0	0	0	5452.250000
1	215	rSQ	0	0	0	0	1.000000	406.000000	7362.250000	25252.250000	34506.500000	46122.750000	52541.750000	51717.500000	39560.250000	25276.500000	10720.250000	4257.250000	0	0	0	0	0	0	0	131597.000000
1	215	rIM	0	0	0	0	0	0	12.250000	194.500000	2367.000000	7056.250000	8408.250000	9876.250000	10940.000000	5131.000000	1486.000000	625.000000	0	0	0	0	0	0	0	1979.250000
1	215	rPA	0	0	0	0	0	67.500000	1245.500000	2716.500000	3016.000000	4551.500000	6845.750000	9020.750000	9044.000000	5843.750000	2887.250000	1435.250000	0	0	0	0	0	0	0	16954.750000
1	220	rSQ	0	0	0	0	0.250000	142.500000	4220.000000	21120.500000	32484.000000	43210.750000	51469.500000	53072.000000	43137.750000	29116.000000	14173.750000	5577.250000	0	0	0	0	0	0	0	1653.750000
1	220	rIM	0	0	0	0	0	0	2.750000	99.500000	1412.250000	6113.750000	8157.500000	9318.750000	11177.750000	6697.500000	2357.000000	759.750000	0	0	0	0	0	0	0	0
1	220	rPA	0	0	0	0	0	21.500000	765.250000	2523.750000	2908.000000	4075.500000	6196.000000	8562.000000	9390.250000	6834.250000	3600.500000	1796.750000	0	0	0	0	0	0	0	9.750000
1	225	rSQ	0	0	0	0	0	44.500000	2187.750000	16367.250000	30972.000000	40432.750000	50084.250000	53086.000000	46694.000000	32742.500000	18074.250000	7039.000000	0	0	0	0	0	0	0	12435.500000
1	225	rIM	0	0	0	0	0	0	1.500000	67.000000	830.750000	5068.750000	7997.750000	8910.000000	10766.500000	8325.500000	3234.750000	894.000000	0	0	0	0	0	0	0	4674.250000
1	225	rPA	0	0	0	0	0	7.250000	427.750000	2189.250000	2877.000000	3773.500000	5609.250000	7999.000000	9440.750000	7846.000000	4383.250000	2120.750000	0	0	0	0	0	0	0	3608.750000
1	230	rSQ	0	0	0	0	0	30.000000	1653.250000	14234.000000	29875.750000	38280.500000	48799.000000	53110.250000	47791.000000	34213.750000	20069.000000	9667.750000	0	0	0	0	0	0	0	148917.500000
1	230	rIM	0	0	0	0	0	0	0.750000	45.500000	575.500000	4147.500000	7688.750000	8895.000000	10514.500000	9113.750000	3846.250000	1269.000000	0	0	0	0	0	0	0	14893.000000
1	230	rPA	0	0	0	0	0	5.500000	345.000000	2011.000000	2828.250000	3519.750000	5292.750000	7554.750000	9135.250000	8226.750000	4880.750000	2874.000000	0	0	0	0	0	0	0	19376.500000
1	235	rSQ	0	0	0	0	0	18.500000	1201.750000	11891.000000	28030.250000	35901.750000	47683.000000	52390.500000	49216.500000	35724.750000	22540.750000	13125.500000	0	0	0	0	0	0	0	112852.250000
1	235	rIM	0	0	0	0	0	0	0.500000	37.500000	437.250000	3376.500000	7324.750000	8580.250000	10269.250000	9514.000000	4600.000000	1956.500000	0	0	0	0	0	0	0	16831.500000
1	235	rPA	0	0	0	0	0	2.500000	267.250000	1812.500000	2707.500000	3283.000000	4938.500000	7094.500000	8836.500000	8292.500000	5415.250000	4023.750000	0	0	0	0	0	0	0	15281.500000
1	240	rSQ	0	0	0	0	0	5.250000	602.500000	8384.750000	25580.250000	33860.500000	45228.750000	51749.250000	51382.250000	38002.250000	25798.750000	17129.750000	0	0	0	0	0	0	0	40711.250000
1	240	rIM	0	0	0	0	0	0	0	18.000000	242.250000	2250.500000	6729.500000	8165.500000	9966.750000	9969.000000	5841.500000	2913.500000	0	0	0	0	0	0	0	397.750000
1	240	rPA	0	0	0	0	0	0.500000	116.000000	1353.250000	2630.500000	2995.000000	4534.500000	6518.750000	8550.000000	8635.000000	6360.750000	4979.500000	0	0	0	0	0	0	0	356.250000
1	245	rSQ	0	0	0	0	0	2.250000	427.000000	6820.750000	23571.750000	32447.250000	44166.750000	50921.750000	51983.000000	39361.250000	27552.000000	20470.500000	0	0	0	0	0	0	0	148627.750000
1	245	rIM	0	0	0	0	0	0	0	10.750000	156.000000	1524.000000	6158.250000	8051.250000	9418.000000	10075.750000	7051.000000	3651.500000	0	0	0	0	0	0	0	11153.000000
1	245	rPA	0	0	0	0	0	0.500000	89.750000	1167.000000	2500.500000	2882.000000	4384.500000	6292.000000	8212.750000	8649.750000	6741.500000	5753.500000	0	0	0	0	0	0	0	24306.250000
1	250	rSQ	0	0	0	0	0	1.750000	316.000000	5499.500000	21660.500000	31363.750000	42447.250000	49745.750000	52377.250000	40632.250000	28768.500000	24911.750000	0	0	0	0	0	0	0	142705.250000
1	250	rIM	0	0	0	0	0	0	0	6.250000	114.250000	1230.000000	5398.750000	7713.000000	9268.250000	10273.750000	7679.750000	4412.500000	0	0	0	0	0	0	0	18719.500000
1	250	rPA	0	0	0	0	0	0	47.500000	945.500000	2452.500000	2801.750000	4058.000000	5886.000000	7926.750000	8560.250000	7164.750000	6830.750000	0	0	0	0	0	0	0	17850.250000
1	255	rSQ	0	0	0	0	0	0.500000	124.250000	3105.500000	17573.250000	30058.500000	39933.250000	48972.500000	52539.500000	44030.250000	30745.000000	30641.750000	0	0	0	0	0	0	0	31697.750000
1	255	rIM	0	0	0	0	0	0	0	4.500000	87.000000	853.250000	4637.000000	7707.500000	8722.750000	10009.000000	8414.500000	5661.000000	0	0	0	0	0	0	0	13737.250000
1	255	rPA	0	0	0	0	0	0	15.750000	588.750000	2182.750000	2739.000000	3762.750000	5383.000000	7485.250000	8623.250000	7407.000000	8486.250000	0	0	0	0	0	0	0	3519.250000
1	260	rSQ	0	0	0	0	0	0	90.250000	2347.750000	15325.250000	29057.000000	38236.250000	47543.250000	50991.500000	45903.250000	32070.250000	36159.500000	0	0	0	0	0	0	0	126148.500000
1	260	rIM	0	0	0	0	0	0	0	3.000000	63.750000	680.000000	4074.000000	7438.750000	8421.500000	10050.500000	8300.750000	7064.250000	0	0	0	0	0	0	0	23346.000000
1	260	rPA	0	0	0	0	0	0	9.750000	479.000000	2045.250000	2658.500000	3537.750000	5172.750000	7042.500000	8311.750000	7583.000000	9833.500000	0	0	0	0	0	0	0	19357.000000
1	265	rSQ	0	0	0	0	0	0	69.000000	1911.250000	13413.250000	27634.250000	35874.500000	46049.500000	50347.500000	47209.000000	33601.000000	41615.000000	0	0	0	0	0	0	0	123145.000000
1	265	rIM	0	0	0	0	0	0	0	2.000000	51.000000	546.500000	3597.500000	7172.250000	8140.500000	9752.000000	8196.750000	8638.000000	0	0	0	0	0	0	0	21386.000000
1	265	rPA	0	0	0	0	0	0	7.250000	400.000000	1887.000000	2610.250000	3341.250000	4888.750000	6623.500000	8144.500000	7616.500000	11154.750000	0	0	0	0	0	0	0	19520.250000
1	270	rSQ	0	0	0	0	0	0	47.500000	1431.000000	11353.500000	26152.500000	33746.250000	44284.250000	48978.250000	48564.000000	36070.750000	47096.250000	0	0	0	0	0	0	0	104689.750000
1	270	rIM	0	0	0	0	0	0	0	0.250000	29.000000	318.250000	2594.000000	6755.500000	7809.750000	9654.500000	8917.250000	10018.000000	0	0	0	0	0	0	0	7615.750000
1	270	rPA	0	0	0	0	0	0	5.000000	298.250000	1702.250000	2568.000000	3092.250000	4708.250000	6231.000000	7829.000000	7751.250000	12488.500000	0	0	0	0	0	0	0	17506.000000
1	275	rSQ	0	0	0	0	0	0	22.750000	962.250000	9280.000000	24323.250000	31594.500000	42187.250000	47845.250000	49079.000000	38412.500000	54017.500000	0	0	0	0	0	0	0	74849.500000
1	275	rIM	0	0	0	0	0	0	0	0	14.500000	189.250000	1687.250000	5896.250000	7704.000000	9172.250000	9520.500000	11912.500000	0	0	0	0	0	0	0	138.750000
1	275	rPA	0	0	0	0	0	0	3.500000	221.250000	1527.000000	2442.750000	2854.500000	4355.750000	5936.250000	7453.500000	7740.250000	14139.000000	0	0	0	0	0	0	0	11191.000000
1	280	rSQ	0	0	0	0	0	0	13.750000	700.750000	7858.000000	22633.500000	29726.000000	39570.500000	46623.000000	49383.250000	40154.250000	61061.250000	0	0	0	0	0	0	0	93254.750000
1	280	rIM	0	0	0	0	0	0	0	0	6.000000	109.000000	1025.000000	4821.750000	7527.750000	8632.750000	9916.000000	14058.250000	0	0	0	0	0	0	0	28.250000
1	280	rPA	0	0	0	0	0	0	1.000000	113.250000	1227.500000	2335.000000	2673.000000	3990.250000	5586.000000	7159.500000	7777.250000	15811.000000	0	0	0	0	0	0	0	5983.500000
1	285	rSQ	0	0	0	0	0	0	7.500000	380.000000	5442.000000	19871.750000	28247.250000	36306.250000	45326.250000	49278.500000	43229.500000	69635.250000	0	0	0	0	0	0	0	21058.500000
1	285	rIM	0	0	0	0	0	0	0	0	2.250000	60.750000	605.000000	3679.000000	7232.750000	8169.250000	9881.500000	16466.000000	0	0	0	0	0	0	0	147.750000
1	285	rPA	0	0	0	0	0	0	0.250000	42.500000	832.000000	2197.500000	2546.750000	3580.250000	5166.250000	6821.500000	7805.500000	17681.250000	0	0	0	0	0	0	0	220.500000
1	290	rSQ	0	0	0	0	0	0	5.250000	226.000000	3859.750000	17249.750000	27361.750000	34765.250000	44146.750000	48212.000000	45176.500000	76721.250000	0	0	0	0	0	0	0	89116.500000
1	290	rIM	0	0	0	0	0	0	0	0	0.500000	37.250000	427.250000	3055.500000	6893.250000	7946.750000	9843.250000	17892.750000	0	0	0	0	0	0	0	17773.500000
1	290	rPA	0	0	0	0	0	0	0	32.000000	694.000000	2062.500000	2460.000000	3438.500000	4876.750000	6373.500000	7718.750000	19017.750000	0	0	0	0	0	0	0	17439.500000
1	295	rSQ	0	0	0	0	0	0	3.500000	171.750000	3138.500000	15326.750000	26114.500000	32264.750000	42651.000000	46693.000000	46536.500000	84824.000000	0	0	0	0	0	0	0	96170.000000
1	295	rIM	0	0	0	0	0	0	0	0	0	21.250000	247.000000	2070.250000	6190.000000	7717.750000	9426.000000	20424.250000	0	0	0	0	0	0	0	158.750000
1	295	rPA	0	0	0	0	0	0	0	20.000000	593.750000	1965.000000	2366.000000	3205.000000	4555.000000	6017.750000	7408.250000	20543.000000	0	0	0	0	0	0	0	15270.250000
