Index	AC0-19	AC20-39	AC40-59	AC60-79	AC80-99	AC100-120		
91	0	0	3	3	2	0	 Bb	FE32
93	0	0	0	0	0	0	 BbPe	FE32
96	0	0	0	0	0	0	 BbS	FE32
100	0	0	0	0	0	0	 Pe	FE32
101	0	0	0	0	0	0	 PeBb	FE32
114	0	0	0	0	0	0	 ES	FE32
121	0	0	0	0	0	0	 PgE	FE32
173	0	0	0	0	0	0	 Bb	MJ12
175	0	0	0	1.1	0	0	 BbPe	MJ12
178	0	0	0	0	0	0	 BbS	MJ12
182	0	0	0	0	0	0	 Pe	MJ12
183	0	0	0.4	0.4	0	0	 PeBb	MJ12
191	0	0	0	0	0	0	 E	MJ12
196	0	0	0.6	1	0	0	 ES	MJ12
203	0	0	0	0	0	0	 PgE	MJ12
210	0	0	0	1.5	0	0	 SBb	MJ12
255	0	0	0	0	23.5	0	 Bb	MJ22
257	0	0	0	8	8	0	 BbPe	MJ22
258	0	0	0.1	0.3	0.6	0	 BbE	MJ22
259	0	0	0	0	0	0	 BbPg	MJ22
260	0	0	0	0	0	0	 BbS	MJ22
264	0	0	0	0.3	0.7	0	 Pe	MJ22
265	0	0	0	0	0	0	 PeBb	MJ22
267	0	0	0	0	0	0	 PeE	MJ22
269	0	0	0	0.1	0	0	 PeS	MJ22
273	0	0	0.1	0.1	0	0	 E	MJ22
274	0	0	0	0	0	0	 EBb	MJ22
275	0	0	0	0	0	0	 EPe	MJ22
278	0	0	2.2	2.2	0.6	0	 ES	MJ22
282	0	0	0	0	0	0	 Pg	MJ22
285	0	0	0	0	0	0	 PgE	MJ22
291	0	0	0	0	0	0	 S	MJ22
292	0	0	1.6	1.6	0.6	0	 SBb	MJ22
293	0	0	0.2	0.1	0	0	 SPe	MJ22
294	0	0	0	0	0	0	 SE	MJ22
337	0	0	0	8.4	8.4	0	 Bb	MJ25
339	0	0	0	0	0	0	 BbPe	MJ25
342	0	0	0	0	0	0	 BbS	MJ25
346	0	0	0	0	0	0	 Pe	MJ25
347	0	0	0	0	0	0	 PeBb	MJ25
355	0	0	0	0	0	0	 E	MJ25
357	0	0	0	0	0	0	 EPe	MJ25
360	0	0	1	1	0	0	 ES	MJ25
367	0	0	0	0	0	0	 PgE	MJ25
373	0	1	0	0	0	0	 S	MJ25
374	0	0	2.6	2.6	0.6	0	 SBb	MJ25
375	0	0	0	0.2	0	0	 SPe	MJ25
419	0	0	0	0	0	0	 Bb	MS20
421	0	0	0	0	0	0	 BbPe	MS20
422	0	0	1.2	1.8	1.8	0	 BbE	MS20
424	0	0	1.6	0	0	0	 BbS	MS20
428	0	0	0.5	1	0	0	 Pe	MS20
429	0	0	12	0	0	0	 PeBb	MS20
432	0	0	0	0	0	0	 PePg	MS20
438	0	0	0	0	0	0	 EBb	MS20
439	0	0	0	0	0	0	 EPe	MS20
441	0	0	0	0	0	0	 EPg	MS20
448	0	0	0	0	0	0	 PgPe	MS20
449	0	0	0	0	0	0	 PgE	MS20
455	0	0	0	0	0	0	 S	MS20
456	0	0	6.2	0.5	0.5	0	 SBb	MS20
457	0	0	2.2	2.1	2	0	 SPe	MS20
501	0	0	0	0	0	0	 Bb	MS21
503	0	0	6.6	0	0	0	 BbPe	MS21
504	0	0	0	0	0	0	 BbE	MS21
506	0	0	0	0	0	0	 BbS	MS21
510	0	0	1	0.3	0	0	 Pe	MS21
511	0	0	0	0	0	0	 PeBb	MS21
513	0	0	0	0	0	0	 PeE	MS21
514	0	0	0	0	0	0	 PePg	MS21
515	0	0	0	0	0	0	 PeS	MS21
521	0	0	0	0	0	0	 EPe	MS21
528	0	0	0	0	0	0	 Pg	MS21
529	0	0	0	0	0	0	 PgBb	MS21
530	0	0	0	0	0	0	 PgPe	MS21
531	0	0	0	0	0	0	 PgE	MS21
537	0	0	0	0	0	0	 S	MS21
538	0	0	2.5	2.2	0	0	 SBb	MS21
539	0	0	0	0	0	0	 SPe	MS21
540	0	0	0	0	0	0	 SE	MS21
583	0	0	0	0	0	0	 Bb	MS22
585	0	0	0	0	0	0	 BbPe	MS22
586	0	0	0	0	0	0	 BbE	MS22
587	0	0	0	0	0	0	 BbPg	MS22
588	0	0.2	0	0	0	0	 BbS	MS22
592	0	0	1	1.1	1.6	0	 Pe	MS22
593	0	0	0	0	0	0	 PeBb	MS22
595	0	0	0	0	0.5	0	 PeE	MS22
596	0	0	0	0	0	0	 PePg	MS22
597	0	0	0.2	0.2	0.2	0	 PeS	MS22
601	0	0	0	0	0	0	 E	MS22
602	0	0	0.1	0.1	0.1	0	 EBb	MS22
603	0	0	0	0	0	0	 EPe	MS22
605	0	0	0	0	0	0	 EPg	MS22
606	0	0	0	0	0	0	 ES	MS22
610	0	0	0	0	0	0	 Pg	MS22
611	0	0	0	0	0	0	 PgBb	MS22
612	0	0.3	0.3	0.2	0	0	 PgPe	MS22
613	0	0	0	0	0	0	 PgE	MS22
619	0	0	0	0	0	0	 S	MS22
620	0	0	0	0	0	0	 SBb	MS22
621	0	0	0	0	0	0	 SPe	MS22
622	0	0	0	0	0	0	 SE	MS22
623	0	0	0	0	0	0	 SPg	MS22
665	0	0	0	0	0	0	 Bb	MS25
667	0	0	0	0	0	0	 BbPe	MS25
668	0	0	0	0	0	0	 BbE	MS25
670	0	0	0	0	0	0	 BbS	MS25
674	0	0	0	0	0	0	 Pe	MS25
675	0	1.2	13	0	0	0	 PeBb	MS25
679	0	0	0	0	0	0	 PeS	MS25
694	0	0	0	0	0	0	 PgPe	MS25
695	0	0	0	0	0	0	 PgE	MS25
701	0	0	0	0	0	0	 S	MS25
702	0	0	0	0	0	0	 SBb	MS25
703	0	0	0.9	1.1	2.1	0	 SPe	MS25
747	0	0	0	0	0	0	 Bb	RE20
749	0	0	0	0	0	0	 BbPe	RE20
750	0	0	0	0	0	0	 BbE	RE20
757	0	0	0	0	0.1	0	 PeBb	RE20
759	0	0	0	0	0	0	 PeE	RE20
761	0	0	0	0	0	0	 PeS	RE20
765	0	0	0	0	0	0	 E	RE20
766	0	0	0	0	0	0	 EBb	RE20
767	0	0	0	0	0	0	 EPe	RE20
769	0	0	2.4	0	0	0	 EPg	RE20
770	0	0	0	0	0	0	 ES	RE20
772	0	0	0	0	0	0	 EMe	RE20
774	0	0	0	0	0	0	 Pg	RE20
775	0	0	0	0	0	0	 PgBb	RE20
777	0	0	0	0	0	0	 PgE	RE20
781	0	0	0	0	0	0	 PgMe	RE20
783	0	0	0	0	0	0	 S	RE20
784	0	0	0	0	0	0	 SBb	RE20
785	0	0	0	0	0	0	 SPe	RE20
786	0	0	0.7	0.7	0.7	0	 SE	RE20
787	0	0	0	0	0	0	 SPg	RE20
829	0	0	0	0	0	0	 Bb	RE21
834	0	0	0	0	0	0	 BbS	RE21
839	0	0	0	0	0	0	 PeBb	RE21
842	0	0	0	0	0	0	 PePg	RE21
847	0	0	0	0	0	0	 E	RE21
849	0	0	0	0	0	0	 EPe	RE21
851	0	0	0	0	0	0	 EPg	RE21
852	0	0	0	0	0	0	 ES	RE21
854	0	0	0	0	0	0	 EMe	RE21
856	0	0	0	0	0	0	 Pg	RE21
857	0	0	0	0	0	0	 PgBb	RE21
858	0	0.1	0.1	0.3	0.3	0	 PgPe	RE21
859	0	0	0	0	0	0	 PgE	RE21
863	0	0	0	0	0	0	 PgMe	RE21
865	0	0	0	0	0	0	 S	RE21
866	0	0	0.1	0.2	0	0	 SBb	RE21
867	0	0	0	0	0	0	 SPe	RE21
868	0	0	0	0	0	0	 SE	RE21
869	0	0	0	0	0	0	 SPg	RE21
872	0	0	0	0	0	0	 SMe	RE21
886	0	0	0	0	0	0	 MeE	RE21
887	0	0	0	0	0	0	 MePg	RE21
929	0	0	0	0	0	0	 E	RE22
930	0	0	0	0	0	0	 EBb	RE22
933	0	0	0	0	0	0	 EPg	RE22
934	0	0	0	0	0	0	 ES	RE22
936	0	0	22.3	0	0	0	 EMe	RE22
938	0	0	0	0	0	0	 Pg	RE22
941	0	0	0	0	0	0	 PgE	RE22
945	0	0	0	0	0	0	 PgMe	RE22
947	0	0	0	0	0	0	 S	RE22
950	0	1.6	2.2	1.5	1.5	0	 SE	RE22
951	0	0	0	0	0	0	 SPg	RE22
965	0	0	0.3	0.4	1.2	0	 Me	RE22
968	0	0	5	2.1	5.4	0	 MeE	RE22
969	0	0	0	0	0.5	0	 MePg	RE22
998	0	0	0	0	0	0	 BbS	RE24
1011	0	0	0	0	0	0	 E	RE24
1012	0	0	0	0	0	0	 EBb	RE24
1013	0	0	0	0	0	0	 EPe	RE24
1015	0	0	3.2	3.1	5.6	0	 EPg	RE24
1016	0	0	0	0	0	0	 ES	RE24
1018	0	0	8.1	3	6.3	0	 EMe	RE24
1020	0	0	0	0	0	0	 Pg	RE24
1023	0	0	0	0	0	0	 PgE	RE24
1027	0	0	0	0	0	0	 PgMe	RE24
1029	0	0	0	0	0	0	 S	RE24
1032	0	0	0	0	0	0	 SE	RE24
1047	0	0	0	0	0	0	 Me	RE24
1050	0	0	0	0	0	0	 MeE	RE24
1075	0	0	0	0	0.2	0	 Bb	RE25
1077	0	0	0	0	0	0	 BbPe	RE25
1078	0	0	0	0	0	0	 BbE	RE25
1079	0	0	0	0	0.3	0	 BbPg	RE25
1080	0	0	0	0	0	0	 BbS	RE25
1085	0	0	0	0	0	0	 PeBb	RE25
1087	0	0	0	0	0	0	 PeE	RE25
1088	0	0	0	0	0	0	 PePg	RE25
1093	0	0	0	0	0	0	 E	RE25
1094	0	0	9.2	0	0	0	 EBb	RE25
1095	0	0	0	0	0	0	 EPe	RE25
1097	0	0	0	0	0	0	 EPg	RE25
1098	0	0	4	5.9	5	0	 ES	RE25
1102	0	0	0	0.4	0.1	0	 Pg	RE25
1103	0	0	1	1.1	3.8	0	 PgBb	RE25
1104	0	0	0	0.3	3.1	0	 PgPe	RE25
1105	0	0	0	0	0	0	 PgE	RE25
1111	0	0	0	0	0	0	 S	RE25
1112	0	0	6.8	4.6	4.6	0	 SBb	RE25
1113	0	0	0	0	0	0	 SPe	RE25
1114	0	0	0	0	0	0	 SE	RE25
1115	0	0	0	0	0	0	 SPg	RE25
1157	0	0	0.1	0.5	0	0	 Bb	RS20
1159	0	0.9	6.2	5.4	1.5	0	 BbPe	RS20
1160	0	0	0	0	0	0	 BbE	RS20
1161	0	0	0	0	0	0	 BbPg	RS20
1162	0	0	1.5	2.1	1.7	0	 BbS	RS20
1166	0	0	0	0	0	0	 Pe	RS20
1167	0	2.3	6	6	6	0	 PeBb	RS20
1169	0	0.7	0.8	1	2.1	0	 PeE	RS20
1170	0	1	1	1	1	0	 PePg	RS20
1171	0	0	0.4	0.4	0.4	0	 PeS	RS20
1175	0	0	0	0	0	0	 E	RS20
1176	0	0	11.5	0	4.5	0	 EBb	RS20
1177	0	1.6	5.5	3.5	7	0	 EPe	RS20
1179	0	0	0	0	0	0	 EPg	RS20
1180	0	0	0	0	0	0	 ES	RS20
1182	0	0	0	0	0	0	 EMe	RS20
1184	0	0	0	0	0	0	 Pg	RS20
1185	0	0.3	2	2.7	2.4	0	 PgBb	RS20
1186	0	0	0	0	0	0	 PgPe	RS20
1187	0	0	0	0	0	0	 PgE	RS20
1193	0	0	0	0	0	0	 S	RS20
1194	0	0	0	0	0	0	 SBb	RS20
1195	0	0	0	0	0	0	 SPe	RS20
1196	0	0	3.5	2.1	0	0	 SE	RS20
1239	0	0	0	0.3	0	0	 Bb	RS21
1241	0	0	0	0	5.4	0	 BbPe	RS21
1242	0	0	1.1	0	0	0	 BbE	RS21
1243	0	0	0	0.2	1.2	0	 BbPg	RS21
1244	0	0	2	2.3	2.3	0	 BbS	RS21
1248	0	0	0	0	0	0	 Pe	RS21
1249	0	0	0	0	0	0	 PeBb	RS21
1251	0	0.7	0.7	2.9	3	0	 PeE	RS21
1252	0	0.4	0.4	0.4	0.7	0	 PePg	RS21
1253	0	0.1	0.3	0.3	0.3	0	 PeS	RS21
1257	0	0	0	0	0	0	 E	RS21
1258	0	0	1.6	0	0	0	 EBb	RS21
1259	0	0	0	0	0	0	 EPe	RS21
1261	0	0	0.5	1	3	0	 EPg	RS21
1262	0	0	0	0	0	0	 ES	RS21
1266	0	0.5	0.5	0.5	0.5	0	 Pg	RS21
1267	0	0.2	0.2	0.8	4.6	0	 PgBb	RS21
1268	0	0	0	0	0	0	 PgPe	RS21
1269	0	0	0	0	0	0	 PgE	RS21
1275	0	0	0	0	0	0	 S	RS21
1276	0	0	0	0	0	0	 SBb	RS21
1277	0	0	0	0	0	0	 SPe	RS21
1278	0	0.7	0.6	0.3	0.3	0	 SE	RS21
1321	0	0	0	0	0	0	 Bb	RS22
1323	0	0	2.2	2.8	2.8	0	 BbPe	RS22
1324	0	0	0	0	0	0	 BbE	RS22
1325	0	0	0	0	0	0	 BbPg	RS22
1326	0	0	6.3	3.3	2.5	0	 BbS	RS22
1330	0	0	0	0	0	0	 Pe	RS22
1331	0	0	2.3	2.3	1.7	0	 PeBb	RS22
1333	0	0	0	0.2	0	0	 PeE	RS22
1334	0	0	0	0	0	0	 PePg	RS22
1335	0	0	0	0	0	0	 PeS	RS22
1339	0	0	0	0	0	0	 E	RS22
1340	0	0	0	0	0	0	 EBb	RS22
1341	0	0	0	0	0	0	 EPe	RS22
1343	0	0	0.5	0.5	0.5	0	 EPg	RS22
1344	0	0	0	0	0	0	 ES	RS22
1346	0	0	0.2	0.2	0.2	0	 EMe	RS22
1347	0	0	0.1	0.1	0.3	0	 EC	RS22
1348	0	0	0	0	0	0	 Pg	RS22
1349	0	0	0	0	0.8	0	 PgBb	RS22
1350	0	0.1	0.1	0.1	1.2	0	 PgPe	RS22
1351	0	0	0	0	0	0	 PgE	RS22
1357	0	0	0	0	0	0	 S	RS22
1358	0	0	4.8	0	0	0	 SBb	RS22
1359	0	0	0	0	0	0	 SPe	RS22
1360	0	0	1.9	1.5	0.6	0	 SE	RS22
1361	0	0	0	0	0	0	 SPg	RS22
1365	0	0	0	0	0	0	 SC	RS22
1375	0	0	0	0	0	0	 Me	RS22
1378	0	0	0	0	0	0	 MeE	RS22
1385	0	0	0	0	0	0	 CBb	RS22
1387	0	0	0	0	0	0	 CE	RS22
1389	0	0	0	0	0	0	 CS	RS22
1403	0	0	0	0	0	0	 Bb	RS25
1405	0	0	0	0	0	0	 BbPe	RS25
1406	0	0	0	0	0	0	 BbE	RS25
1407	0	0	0	0	0	0	 BbPg	RS25
1408	0	0	3.5	0.1	1.6	0	 BbS	RS25
1412	0	0	0	0	0	0	 Pe	RS25
1413	0	0	0	0	0	0	 PeBb	RS25
1415	0	0	0	0	0	0	 PeE	RS25
1416	0	0	0	0	0	0	 PePg	RS25
1417	0	0	0	0	0	0	 PeS	RS25
1421	0	0	2	2	2	0	 E	RS25
1422	0	0	0	0	0	0	 EBb	RS25
1423	0	0	0	0	0	0	 EPe	RS25
1425	0	0	0	0	0	0	 EPg	RS25
1426	0	0	0	0	0	0	 ES	RS25
1430	0	0	0	0	0	0	 Pg	RS25
1431	0	0	0	0	0	0	 PgBb	RS25
1432	0	0	2.4	2.4	2.4	0	 PgPe	RS25
1433	0	0	0	0	0	0	 PgE	RS25
1439	0	0	0	0	0	0	 S	RS25
1440	0	0	0	0	0	0	 SBb	RS25
1441	0	0	0	0	0	0	 SPe	RS25
1442	0	0	0	0	0	0	 SE	RS25
1548	0	0	0	0	0	0	 CC	RS2A
1553	0	0	0	0	0	0	 CS	RS2A
1569	0	0	0	0	0	0	 BbPe	RC38
1571	0	0	0	0	0	0	 BbPg	RC38
1580	0	0	0	0	0	0	 PePg	RC38
1589	0	0	0	0	0	0	 EPg	RC38
1594	0	0	0	0	0	0	 Pg	RC38
1595	0	0	0	0	0	0	 PgBb	RC38
1596	0	0	0	0	0	0	 PgPe	RC38
1597	0	0	0	0	0	0	 PgE	RC38
1602	0	0	0	0	0	0	 PgMe	RC38
