Run	Year	Zone	class1	class2	class3	class4	class5	class6	class7	class8	class9	class10	class11	class12	class13	class14	class15	class16	VolHarvested	AreaHarvested	AreaAccessed	MeanVolPerHa	PercentOfTarget	MeanHarvestAge	KmPerM3Hauled	areaBurned
1	0	rSQ	46472.750000	68443.000000	62560.000000	68276.250000	42084.750000	0	9887.500000	0	0	0	0	0	0	0	0	0	0	0	0	0	0	0	0	0
1	0	rIM	6481.750000	7519.500000	11522.000000	15710.500000	4093.500000	0	769.250000	0	0	0	0	0	0	0	0	0	0	0	0	0	0	0	0	0
1	0	rPA	5616.750000	5589.500000	11606.250000	15167.250000	5608.250000	0	3085.750000	0	0	0	0	0	0	0	0	0	0	0	0	0	0	0	0	0
1	5	rSQ	46472.750000	68443.000000	62560.000000	68276.250000	42084.750000	0	9887.500000	0	0	0	0	0	0	0	0	0	0	0	0	0	0	0	0	137903.500000
1	5	rIM	6481.750000	7519.500000	11522.000000	15710.500000	4093.500000	0	769.250000	0	0	0	0	0	0	0	0	0	0	0	0	0	0	0	0	15196.500000
1	5	rPA	5616.750000	5589.500000	11606.250000	15167.250000	5608.250000	0	3085.750000	0	0	0	0	0	0	0	0	0	0	0	0	0	0	0	0	23345.250000
1	10	rSQ	30820.250000	57130.250000	68409.750000	56075.000000	57912.500000	17489.000000	9887.500000	0	0	0	0	0	0	0	0	0	0	0	0	0	0	0	0	97022.250000
1	10	rIM	2608.250000	8121.250000	11717.500000	11534.750000	9632.750000	1712.750000	769.250000	0	0	0	0	0	0	0	0	0	0	0	0	0	0	0	0	17618.750000
1	10	rPA	3633.250000	5232.250000	9883.000000	11056.250000	11487.000000	2296.250000	3085.750000	0	0	0	0	0	0	0	0	0	0	0	0	0	0	0	0	8446.750000
1	15	rSQ	17477.000000	48413.000000	71559.500000	53421.000000	65166.250000	31800.000000	9887.500000	0	0	0	0	0	0	0	0	0	0	0	0	0	0	0	0	99559.500000
1	15	rIM	637.500000	6597.750000	9626.250000	11122.500000	13575.500000	3767.750000	769.250000	0	0	0	0	0	0	0	0	0	0	0	0	0	0	0	0	143.500000
1	15	rPA	1596.250000	5035.750000	7926.000000	10763.500000	13889.500000	4377.000000	3085.750000	0	0	0	0	0	0	0	0	0	0	0	0	0	0	0	0	13088.750000
1	20	rSQ	9341.250000	47221.750000	65248.000000	59330.500000	69387.250000	37308.000000	6569.250000	3318.250000	0	0	0	0	0	0	0	0	0	0	0	0	0	0	0	65015.250000
1	20	rIM	4.250000	6571.000000	7875.000000	11073.000000	15725.250000	4078.750000	227.750000	541.500000	0	0	0	0	0	0	0	0	0	0	0	0	0	0	0	100.000000
1	20	rPA	764.500000	5183.500000	6156.000000	10957.000000	15354.000000	5173.000000	2149.250000	936.500000	0	0	0	0	0	0	0	0	0	0	0	0	0	0	0	9347.000000
1	25	rSQ	5806.500000	46977.750000	66219.000000	60702.750000	68948.750000	39182.000000	4858.000000	5029.500000	0	0	0	0	0	0	0	0	0	0	0	0	0	0	0	151133.000000
1	25	rIM	0	6510.000000	7729.250000	11284.000000	15713.000000	4091.000000	154.500000	614.750000	0	0	0	0	0	0	0	0	0	0	0	0	0	0	0	23614.000000
1	25	rPA	498.750000	5278.500000	6016.000000	11174.500000	15279.000000	5341.250000	1474.750000	1611.000000	0	0	0	0	0	0	0	0	0	0	0	0	0	0	0	18097.750000
1	30	rSQ	1492.250000	43346.250000	61548.250000	63781.250000	60120.000000	50781.000000	9550.250000	7105.000000	0	0	0	0	0	0	0	0	0	0	0	0	0	0	0	60375.500000
1	30	rIM	0	4407.500000	7948.000000	11300.500000	13770.750000	7078.250000	882.000000	709.500000	0	0	0	0	0	0	0	0	0	0	0	0	0	0	0	12104.500000
1	30	rPA	318.500000	4966.000000	5188.750000	10292.500000	12695.250000	9143.750000	1921.750000	2147.250000	0	0	0	0	0	0	0	0	0	0	0	0	0	0	0	12709.500000
1	35	rSQ	933.750000	38496.500000	52649.250000	67324.000000	56735.750000	56314.250000	17243.000000	8027.750000	0	0	0	0	0	0	0	0	0	0	0	0	0	0	0	125321.500000
1	35	rIM	0	2757.000000	7919.500000	10416.500000	13481.500000	8870.000000	1894.250000	757.750000	0	0	0	0	0	0	0	0	0	0	0	0	0	0	0	19931.250000
1	35	rPA	135.250000	4731.750000	4303.000000	9185.250000	11498.250000	11802.000000	2616.000000	2402.250000	0	0	0	0	0	0	0	0	0	0	0	0	0	0	0	18958.750000
1	40	rSQ	490.500000	33248.500000	48263.000000	66348.750000	56958.500000	61063.250000	22689.250000	7466.750000	1195.750000	0	0	0	0	0	0	0	0	0	0	0	0	0	0	125682.750000
1	40	rIM	0	1792.000000	7444.500000	9703.750000	13251.500000	10464.500000	2676.500000	546.000000	217.750000	0	0	0	0	0	0	0	0	0	0	0	0	0	0	17091.000000
1	40	rPA	88.000000	4159.500000	4085.500000	8004.500000	10672.750000	14073.500000	3028.250000	2024.500000	537.250000	0	0	0	0	0	0	0	0	0	0	0	0	0	0	17704.500000
1	45	rSQ	250.750000	26587.500000	45329.250000	67270.750000	56996.500000	63526.500000	28592.250000	6398.000000	2772.750000	0	0	0	0	0	0	0	0	0	0	0	0	0	0	106697.000000
1	45	rIM	0	754.250000	6930.250000	9043.250000	12229.500000	13009.000000	3361.000000	299.500000	469.750000	0	0	0	0	0	0	0	0	0	0	0	0	0	0	194.250000
1	45	rPA	47.750000	3416.750000	3763.000000	7417.250000	10676.250000	14837.250000	3816.250000	1768.500000	930.750000	0	0	0	0	0	0	0	0	0	0	0	0	0	0	15005.500000
1	50	rSQ	102.250000	18827.750000	42622.500000	61663.000000	59293.000000	61751.500000	39772.750000	9068.250000	4623.250000	0	0	0	0	0	0	0	0	0	0	0	0	0	0	47988.500000
1	50	rIM	0	214.750000	5444.000000	8372.500000	11475.000000	13528.250000	5730.000000	720.250000	611.750000	0	0	0	0	0	0	0	0	0	0	0	0	0	0	166.250000
1	50	rPA	31.250000	2838.750000	3611.500000	6368.250000	9819.000000	13907.750000	6742.750000	2030.750000	1323.750000	0	0	0	0	0	0	0	0	0	0	0	0	0	0	14086.000000
1	55	rSQ	3.000000	9731.500000	39664.000000	55859.250000	62747.000000	62397.500000	47045.750000	13909.750000	6366.500000	0	0	0	0	0	0	0	0	0	0	0	0	0	0	0
1	55	rIM	0	26.500000	3297.500000	8054.250000	10273.000000	13982.500000	8041.250000	1707.000000	714.500000	0	0	0	0	0	0	0	0	0	0	0	0	0	0	0
1	55	rPA	1.250000	1657.000000	4063.750000	5240.250000	9033.500000	13459.750000	9064.500000	2325.500000	1828.250000	0	0	0	0	0	0	0	0	0	0	0	0	0	0	0
1	60	rSQ	1.000000	6562.750000	35967.250000	49732.750000	63579.000000	60087.750000	54119.250000	20366.750000	6331.250000	976.500000	0	0	0	0	0	0	0	0	0	0	0	0	0	63388.500000
1	60	rIM	0	2.750000	1852.750000	7405.500000	9679.250000	13268.750000	10448.500000	2675.250000	546.000000	217.750000	0	0	0	0	0	0	0	0	0	0	0	0	0	187.000000
1	60	rPA	0.250000	1235.250000	4001.000000	4293.500000	8266.750000	12053.250000	11702.500000	2974.250000	1667.500000	479.500000	0	0	0	0	0	0	0	0	0	0	0	0	0	9080.250000
1	65	rSQ	0	4615.750000	33095.750000	46601.750000	63311.250000	59214.500000	58918.250000	24117.250000	5589.000000	2260.750000	0	0	0	0	0	0	0	0	0	0	0	0	0	123947.750000
1	65	rIM	0	0.500000	1377.250000	6912.000000	9222.000000	13092.250000	11538.250000	3185.250000	321.750000	447.250000	0	0	0	0	0	0	0	0	0	0	0	0	0	16351.500000
1	65	rPA	0.250000	906.500000	3778.000000	3933.500000	7590.750000	11110.000000	13634.500000	3444.750000	1494.500000	781.000000	0	0	0	0	0	0	0	0	0	0	0	0	0	16368.000000
1	70	rSQ	0	2232.000000	28435.250000	45368.250000	60187.750000	56761.000000	59347.000000	34115.250000	7799.750000	3478.000000	0	0	0	0	0	0	0	0	0	0	0	0	0	92079.750000
1	70	rIM	0	0	588.000000	5757.250000	8755.250000	11865.500000	12528.500000	5452.000000	597.500000	552.500000	0	0	0	0	0	0	0	0	0	0	0	0	0	4105.500000
1	70	rPA	0	328.500000	3556.250000	3662.000000	6551.000000	9764.000000	13859.250000	5979.250000	1831.250000	1142.250000	0	0	0	0	0	0	0	0	0	0	0	0	0	4430.500000
1	75	rSQ	0	1095.250000	21830.250000	42819.750000	56639.000000	58457.500000	61363.750000	39962.500000	11120.500000	4435.750000	0	0	0	0	0	0	0	0	0	0	0	0	0	77683.000000
1	75	rIM	0	0	389.750000	4438.500000	8510.750000	10685.500000	13327.250000	6963.000000	1164.250000	617.500000	0	0	0	0	0	0	0	0	0	0	0	0	0	18407.250000
1	75	rPA	0	118.000000	2967.750000	3675.500000	6027.000000	8958.000000	14004.500000	7330.500000	2132.500000	1460.000000	0	0	0	0	0	0	0	0	0	0	0	0	0	13560.000000
1	80	rSQ	0	726.000000	17392.750000	39700.750000	52270.500000	59461.500000	61910.750000	45443.500000	15182.750000	4990.750000	645.000000	0	0	0	0	0	0	0	0	0	0	0	0	83444.500000
1	80	rIM	0	0	111.750000	3111.000000	7887.250000	9691.500000	14119.500000	8517.250000	1961.500000	504.000000	192.750000	0	0	0	0	0	0	0	0	0	0	0	0	34.000000
1	80	rPA	0	70.000000	2552.250000	3669.750000	5279.000000	8420.750000	13433.750000	9136.250000	2382.250000	1436.000000	293.750000	0	0	0	0	0	0	0	0	0	0	0	0	16029.750000
1	85	rSQ	0	527.750000	13619.000000	37074.000000	47931.500000	59579.250000	63124.500000	50022.500000	19294.750000	4963.000000	1588.000000	0	0	0	0	0	0	0	0	0	0	0	0	83404.750000
1	85	rIM	0	0	51.500000	2441.000000	7135.750000	9449.000000	13986.750000	9825.750000	2459.500000	397.000000	350.250000	0	0	0	0	0	0	0	0	0	0	0	0	13395.750000
1	85	rPA	0	38.000000	2019.000000	3647.750000	4641.500000	7640.500000	12813.750000	10994.000000	2964.000000	1292.500000	622.750000	0	0	0	0	0	0	0	0	0	0	0	0	13667.750000
1	90	rSQ	0	101.000000	8294.750000	32399.500000	45109.500000	58452.750000	60993.500000	54170.250000	28642.750000	6816.750000	2743.500000	0	0	0	0	0	0	0	0	0	0	0	0	0
1	90	rIM	0	0	7.750000	1434.000000	5842.000000	9173.250000	13163.250000	10879.750000	4558.500000	550.250000	487.750000	0	0	0	0	0	0	0	0	0	0	0	0	0
1	90	rPA	0	4.250000	1162.250000	3611.000000	4094.750000	6920.750000	11059.750000	12381.750000	4926.000000	1669.750000	843.500000	0	0	0	0	0	0	0	0	0	0	0	0	0
1	95	rSQ	0	46.000000	5594.500000	28836.750000	42865.250000	54004.500000	60475.750000	56735.250000	35525.250000	9691.250000	3949.750000	0	0	0	0	0	0	0	0	0	0	0	0	87110.750000
1	95	rIM	0	0	2.750000	693.250000	4701.750000	8444.250000	11230.500000	13145.500000	6252.000000	1028.750000	597.750000	0	0	0	0	0	0	0	0	0	0	0	0	511.250000
1	95	rPA	0	1.000000	693.000000	3516.250000	3729.750000	6020.750000	9538.250000	13446.250000	6634.000000	1964.000000	1130.500000	0	0	0	0	0	0	0	0	0	0	0	0	9174.500000
1	100	rSQ	0	20.500000	3980.750000	25681.750000	40573.750000	48713.000000	61598.000000	59919.000000	39360.500000	12783.250000	4502.250000	591.500000	0	0	0	0	0	0	0	0	0	0	0	101721.750000
1	100	rIM	0	0	2.250000	262.500000	3454.500000	7894.000000	9988.750000	14181.000000	7994.500000	1630.000000	512.500000	176.500000	0	0	0	0	0	0	0	0	0	0	0	134.500000
1	100	rPA	0	0.250000	450.250000	3165.500000	3723.750000	5220.750000	8619.750000	13680.250000	8147.000000	2132.250000	1276.250000	257.750000	0	0	0	0	0	0	0	0	0	0	0	10642.500000
